1620690980082 2.528355598449707 1
1620690980265 2.0378382205963135 101
1620690980375 1.4478108882904053 201
1620690980485 1.5681811571121216 301
1620690980591 1.4667935371398926 401
1620690980723 1.2195366621017456 501
1620690980867 1.430134654045105 601
1620690980971 1.174917459487915 701
1620690981073 1.4589178562164307 801
1620690981182 1.3111040592193604 901
1620690981283 1.142153263092041 1001
1620690981380 1.2146596908569336 1101
1620690981472 1.0772387981414795 1201
1620690981565 1.304609775543213 1301
1620690981652 1.0564314126968384 1401
1620690981765 1.1532602310180664 1501
1620690981877 1.0777454376220703 1601
1620690981976 1.1593739986419678 1701
1620690982072 1.3495025634765625 1801
1620690982165 1.1762151718139648 1901
1620690983191 1.1065127849578857 2000
