1620695876663 0.538281261920929 1
1620695876853 0.5625 101
1620695876999 0.5804687738418579 201
1620695877155 0.594531238079071 301
1620695877307 0.6031249761581421 401
1620695877464 0.6187499761581421 501
1620695877603 0.6171875 601
1620695877737 0.6070312261581421 701
1620695877877 0.610156238079071 801
1620695878019 0.6031249761581421 901
1620695878186 0.59765625 1001
1620695878329 0.5960937738418579 1101
1620695878474 0.5960937738418579 1201
1620695878644 0.600781261920929 1301
1620695878782 0.5921875238418579 1401
1620695878921 0.59375 1501
1620695879076 0.594531238079071 1601
1620695879224 0.594531238079071 1701
1620695879355 0.59375 1801
1620695879494 0.5953124761581421 1901
1620695879636 0.5960937738418579 2001
1620695879777 0.5960937738418579 2101
1620695879919 0.5953124761581421 2201
1620695880066 0.594531238079071 2301
