1620690980082 0.28437501192092896 1
1620690980265 0.3031249940395355 101
1620690980375 0.2906250059604645 201
1620690980485 0.3031249940395355 301
1620690980591 0.29374998807907104 401
1620690980723 0.3031249940395355 501
1620690980867 0.32499998807907104 601
1620690980971 0.3125 701
1620690981073 0.3343749940395355 801
1620690981182 0.31562501192092896 901
1620690981283 0.31562501192092896 1001
1620690981380 0.3218750059604645 1101
1620690981472 0.3187499940395355 1201
1620690981565 0.3531250059604645 1301
1620690981652 0.3187499940395355 1401
1620690981765 0.3343749940395355 1501
1620690981877 0.31562501192092896 1601
1620690981976 0.328125 1701
1620690982072 0.3531250059604645 1801
1620690982165 0.30937498807907104 1901
