1620697880100 0.0 1
1620697880313 0.0 101
1620697880454 0.0 201
1620697880596 0.0 301
1620697880727 0.0 401
1620697880867 0.0 501
1620697881025 0.0 601
1620697881170 0.0 701
1620697881304 0.0 801
1620697881445 0.0 901
1620697881590 0.0 1001
1620697881756 0.0 1101
1620697881937 0.0 1201
1620697882086 0.0 1301
1620697882218 0.0 1401
1620697882365 0.0 1501
1620697882504 0.0 1601
1620697882643 0.0 1701
1620697882782 0.0 1801
1620697882925 0.0 1901
1620697883061 0.0 2001
1620697883195 0.0 2101
1620697883328 0.0 2201
1620697883461 0.0 2301
1620697883596 0.0 2401
1620697883724 0.0 2501
1620697883862 0.0 2601
1620697883997 0.0 2701
1620697884127 0.0 2801
1620697884260 0.0 2901
1620697884394 0.0 3001
1620697884524 0.0 3101
1620697884656 0.0 3201
1620697884788 0.0 3301
1620697884939 0.0 3401
1620697885072 0.0 3501
1620697885208 0.0 3601
1620697885352 0.0 3701
1620697885517 0.0 3801
1620697885661 0.0 3901
1620697885801 0.0 4001
1620697885974 0.0 4101
1620697886142 0.0 4201
1620697886327 0.0 4301
1620697886501 0.0 4401
1620697886661 0.0 4501
1620697886797 0.0 4601
1620697886951 0.0 4701
1620697887115 0.0 4801
1620697887344 0.0 4901
