1620695876849 534.5731811523438 101
1620695876995 686.200439453125 201
1620695877151 641.0956420898438 301
1620695877303 657.4051513671875 401
1620695877461 633.6007690429688 501
1620695877600 720.3489990234375 601
1620695877733 749.1768188476562 701
1620695877873 716.0191040039062 801
1620695878015 702.0953979492188 901
1620695878183 598.1182250976562 1001
1620695878325 700.166259765625 1101
1620695878469 694.3970336914062 1201
1620695878640 584.9339599609375 1301
1620695878779 723.2693481445312 1401
1620695878918 718.3552856445312 1501
1620695879072 648.3296508789062 1601
1620695879220 673.927734375 1701
1620695879352 762.349853515625 1801
1620695879490 720.32421875 1901
1620695879633 702.16357421875 2001
1620695879773 715.0328369140625 2101
1620695879915 700.9467163085938 2201
1620695880062 682.7844848632812 2301
