1620785612107 0.9639333486557007 1
1620785614737 0.9805999994277954 3
1620785617292 0.988183319568634 5
1620785619840 0.9917500019073486 7
1620785622522 0.9953833222389221 9
1620785625120 0.9959499835968018 11
1620785628206 0.9969666600227356 13
1620785631300 0.9982166886329651 15
1620785633998 0.9969000220298767 17
1620785636587 0.9988166689872742 19
1620785639112 0.9979333281517029 21
1620785641688 0.998533308506012 23
1620785644263 0.9976166486740112 25
1620785646749 0.9987833499908447 27
1620785649258 0.9975000023841858 29
1620785651803 0.9984166622161865 31
1620785654385 0.9978333115577698 33
1620785656979 0.9996833205223083 35
1620785659499 1.0 37
1620785662065 1.0 39
1620785664840 1.0 41
1620785667897 1.0 43
1620785671676 1.0 45
1620785675202 0.9920499920845032 47
1620785678573 0.9992166757583618 49
1620785681635 0.9999666810035706 51
1620785684275 1.0 53
1620785686972 1.0 55
1620785689605 1.0 57
1620785692329 1.0 59
1620785695258 1.0 61
1620785697804 1.0 63
1620785700486 1.0 65
1620785703068 1.0 67
1620785705698 0.9933500289916992 69
1620785708330 0.9996166825294495 71
1620785711044 0.9991000294685364 73
1620785713655 0.9984166622161865 75
1620785716215 0.9992499947547913 77
1620785718820 0.9987333416938782 79
1620785721563 0.999666690826416 81
1620785724139 0.9985166788101196 83
1620785726916 0.9986333250999451 85
1620785729622 0.9988333582878113 87
1620785732343 0.9998999834060669 89
1620785735533 1.0 91
1620785738271 0.9982333183288574 93
1620785740996 0.9996333122253418 95
1620785743670 0.9999666810035706 97
1620785746329 1.0 99
