1620785612107 0.12455855309963226 1
1620785614737 0.06456843763589859 3
1620785617292 0.03928856551647186 5
1620785619840 0.0268531683832407 7
1620785622522 0.016802266240119934 9
1620785625120 0.012995139695703983 11
1620785628206 0.010204759426414967 13
1620785631300 0.006677653174847364 15
1620785633998 0.008835775777697563 17
1620785636587 0.004247360397130251 19
1620785639112 0.0063348012045025826 21
1620785641688 0.00505907041952014 23
1620785644263 0.007313981652259827 25
1620785646749 0.00357468007132411 27
1620785649258 0.007372780703008175 29
1620785651803 0.004518585279583931 31
1620785654385 0.006425604224205017 33
1620785656979 0.0014004841214045882 35
1620785659499 0.00014635098341386765 37
1620785662065 4.7615136281820014e-05 39
1620785664840 3.586080129025504e-05 41
1620785667897 2.8085398298571818e-05 43
1620785671676 2.2635385903413408e-05 45
1620785675202 0.029644059017300606 47
1620785678573 0.0022816394921392202 49
1620785681635 0.00015923133469186723 51
1620785684275 4.7152178012765944e-05 53
1620785686972 3.4318807593081146e-05 55
1620785689605 2.6387317120679654e-05 57
1620785692329 2.0153172954451293e-05 59
1620785695258 1.5911298760329373e-05 61
1620785697804 1.2078074178134557e-05 63
1620785700486 9.229348506778479e-06 65
1620785703068 7.174569418566534e-06 67
1620785705698 0.023857522755861282 69
1620785708330 0.0010427645174786448 71
1620785711044 0.0027189424727112055 73
1620785713655 0.005020972806960344 75
1620785716215 0.0021440312266349792 77
1620785718820 0.00423053465783596 79
1620785721563 0.0008634331170469522 81
1620785724139 0.0046811397187411785 83
1620785726916 0.004218037705868483 85
1620785729622 0.0033982153981924057 87
1620785732343 0.0003026392369065434 89
1620785735533 7.82351999077946e-05 91
1620785738271 0.005454549100250006 93
1620785740996 0.0008444854174740613 95
1620785743670 8.00446723587811e-05 97
1620785746329 9.663420314609539e-06 99
