1620856071263 0.9631833434104919 1
1620856073798 0.9797833561897278 3
1620856076266 0.9875333309173584 5
1620856078762 0.9918333292007446 7
1620856081316 0.9944666624069214 9
1620856083984 0.9955833554267883 11
1620856086633 0.9969000220298767 13
1620856089177 0.997783362865448 15
1620856091661 0.9965333342552185 17
1620856094274 0.9988666772842407 19
1620856096851 0.996649980545044 21
1620856099348 0.9991666674613953 23
1620856101804 1.0 25
1620856104315 1.0 27
1620856106816 0.9919166564941406 29
1620856109351 0.9995666742324829 31
1620856111889 1.0 33
1620856114449 1.0 35
1620856116929 1.0 37
1620856119384 1.0 39
1620856121855 0.9918833374977112 41
1620856124505 0.9998000264167786 43
1620856127061 1.0 45
1620856129681 1.0 47
1620856132126 1.0 49
1620856134686 1.0 51
1620856137204 1.0 53
1620856139742 1.0 55
1620856142399 0.990933358669281 57
1620856145144 0.9991000294685364 59
1620856147925 0.9997000098228455 61
1620856150466 0.9973833560943604 63
1620856152960 0.9990333318710327 65
1620856155589 0.9984999895095825 67
1620856158302 0.9991000294685364 69
1620856160787 0.9994333386421204 71
1620856163402 0.998033344745636 73
1620856165958 0.9997166395187378 75
1620856168492 0.9980166554450989 77
1620856171026 0.9986000061035156 79
1620856173548 0.9994833469390869 81
1620856176081 0.9994666576385498 83
1620856178604 0.9992333054542542 85
1620856181272 0.9982333183288574 87
1620856183779 0.9998000264167786 89
1620856186333 0.99836665391922 91
1620856188919 0.9995166659355164 93
1620856191430 0.9993000030517578 95
1620856193966 0.9992666840553284 97
1620856196549 0.9991000294685364 99
1620856199025 0.9994833469390869 101
1620856201838 0.9987999796867371 103
1620856204541 0.9990500211715698 105
1620856207414 0.9995333552360535 107
1620856209932 0.9995999932289124 109
1620856212729 0.9994166493415833 111
1620856215701 1.0 113
1620856218690 1.0 115
1620856221423 1.0 117
1620856223948 1.0 119
1620856226447 1.0 121
1620856229132 1.0 123
1620856231624 1.0 125
1620856234062 1.0 127
1620856236682 1.0 129
1620856239239 1.0 131
1620856241788 1.0 133
1620856244269 1.0 135
1620856246791 1.0 137
1620856249346 1.0 139
1620856251947 1.0 141
1620856254426 1.0 143
1620856256885 1.0 145
1620856259408 1.0 147
1620856262129 1.0 149
1620856264597 1.0 151
1620856267335 1.0 153
1620856269905 1.0 155
1620856272534 1.0 157
1620856275015 1.0 159
1620856277505 1.0 161
1620856279974 1.0 163
1620856282489 1.0 165
1620856285104 1.0 167
1620856287726 1.0 169
1620856290256 1.0 171
1620856293183 1.0 173
1620856295812 1.0 175
1620856298371 1.0 177
1620856300859 1.0 179
1620856303474 1.0 181
1620856306027 1.0 183
1620856308513 1.0 185
1620856311165 1.0 187
1620856313658 1.0 189
1620856316234 1.0 191
1620856318769 1.0 193
1620856321451 1.0 195
1620856324027 1.0 197
1620856326653 1.0 199
