1620856071263 0.12361056357622147 1
1620856073798 0.06569551676511765 3
1620856076266 0.04118997976183891 5
1620856078762 0.02725975587964058 7
1620856081316 0.018160710111260414 9
1620856083984 0.014687003567814827 11
1620856086633 0.010465581901371479 13
1620856089177 0.008102496154606342 15
1620856091661 0.010168444365262985 17
1620856094274 0.004151932895183563 19
1620856096851 0.010052991099655628 21
1620856099348 0.0034943376667797565 23
1620856101804 0.00035054064937867224 25
1620856104315 0.0001884162484202534 27
1620856106816 0.02666875161230564 29
1620856109351 0.0018833802314475179 31
1620856111889 0.0001813850540202111 33
1620856114449 0.00012307477300055325 35
1620856116929 9.86507729976438e-05 37
1620856119384 7.540333172073588e-05 39
1620856121855 0.02827688306570053 41
1620856124505 0.0010555032640695572 43
1620856127061 0.00013167904398869723 45
1620856129681 8.232547406805679e-05 47
1620856132126 6.261601811274886e-05 49
1620856134686 4.750140578835271e-05 51
1620856137204 3.8819562178105116e-05 53
1620856139742 2.852857141988352e-05 55
1620856142399 0.037690360099077225 57
1620856145144 0.002557131927460432 59
1620856147925 0.0012221733340993524 61
1620856150466 0.00728647643700242 63
1620856152960 0.0030709553975611925 65
1620856155589 0.004304296802729368 67
1620856158302 0.0029384789522737265 69
1620856160787 0.0018826492596417665 71
1620856163402 0.006163171026855707 73
1620856165958 0.001026465673930943 75
1620856168492 0.005997749976813793 77
1620856171026 0.00476610055193305 79
1620856173548 0.001514985109679401 81
1620856176081 0.0015277228085324168 83
1620856178604 0.0028134745080024004 85
1620856181272 0.005374383181333542 87
1620856183779 0.000626433698926121 89
1620856186333 0.006087868474423885 91
1620856188919 0.0013537828344851732 93
1620856191430 0.0018387644086033106 95
1620856193966 0.0020932257175445557 97
1620856196549 0.002646244363859296 99
1620856199025 0.001574302208609879 101
1620856201838 0.004038501530885696 103
1620856204541 0.003268308937549591 105
1620856207414 0.0017435222398489714 107
1620856209932 0.0015847408212721348 109
1620856212729 0.0017027825815603137 111
1620856215701 3.390963320271112e-05 113
1620856218690 5.677944955095882e-06 115
1620856221423 3.912030479114037e-06 117
1620856223948 2.902284904848784e-06 119
1620856226447 2.1868181647732854e-06 121
1620856229132 1.6520999679414672e-06 123
1620856231624 1.2549966186270467e-06 125
1620856234062 9.448930882172135e-07 127
1620856236682 7.079229362716433e-07 129
1620856239239 5.391186164160899e-07 131
1620856241788 4.067572376698081e-07 133
1620856244269 3.061215636535053e-07 135
1620856246791 2.305750399500539e-07 137
1620856249346 1.6752740350511885e-07 139
1620856251947 1.2524856174422894e-07 141
1620856254426 9.534918632425615e-08 143
1620856256885 7.357568421184624e-08 145
1620856259408 5.106920042408092e-08 147
1620856262129 4.0680113500002335e-08 149
1620856264597 2.9093015996295435e-08 151
1620856267335 2.251267261499379e-08 153
1620856269905 1.7859536072251103e-08 155
1620856272534 1.4201797959856322e-08 157
1620856275015 1.1636812402571195e-08 159
1620856277505 9.747345153243714e-09 161
1620856279974 8.169808829450176e-09 163
1620856282489 7.118781120141193e-09 165
1620856285104 6.268421337551899e-09 167
1620856287726 5.590915286290965e-09 169
1620856290256 5.026657756701525e-09 171
1620856293183 4.567702216462521e-09 173
1620856295812 4.200140235610661e-09 175
1620856298371 3.870328058042105e-09 177
1620856300859 3.61204133270121e-09 179
1620856303474 3.361701805815187e-09 181
1620856306027 3.1510987152927328e-09 183
1620856308513 2.9742714957592398e-09 185
1620856311165 2.821286315679572e-09 187
1620856313658 2.6305513323165997e-09 189
1620856316234 2.5689599336686797e-09 191
1620856318769 2.425908807168753e-09 193
1620856321451 2.2947785893734363e-09 195
1620856324027 2.231200335600647e-09 197
1620856326653 2.1298725005891583e-09 199
