1620783707719 0.9646666646003723 1
1620783710279 0.9804999828338623 3
1620783712832 0.987416684627533 5
1620783715461 0.9923999905586243 7
1620783718057 0.9943000078201294 9
1620783720905 0.9967833161354065 11
1620783723503 0.9974666833877563 13
1620783726030 0.9964333176612854 15
1620783728595 0.9976500272750854 17
1620783731027 0.9984833598136902 19
1620783733690 0.9974499940872192 21
1620783736407 0.9989333152770996 23
1620783739031 0.9980166554450989 25
1620783741598 0.9982666373252869 27
1620783744170 0.9999666810035706 29
1620783746786 1.0 31
1620783749378 1.0 33
1620783751802 1.0 35
1620783754360 1.0 37
1620783756891 0.9986833333969116 39
1620783759456 0.9983166456222534 41
1620783762060 0.9999499917030334 43
1620783764565 1.0 45
1620783767136 1.0 47
1620783770082 1.0 49
1620783772886 1.0 51
1620783775910 1.0 53
1620783778858 0.9923999905586243 55
1620783783150 0.9991166591644287 57
1620783786748 0.9999666810035706 59
1620783789877 0.9970499873161316 61
1620783792764 0.9989333152770996 63
1620783796037 0.9993333220481873 65
1620783799358 0.9983166456222534 67
1620783802031 0.9986666440963745 69
1620783804919 0.9992666840553284 71
1620783808152 0.9991166591644287 73
1620783811328 0.9999666810035706 75
1620783814799 1.0 77
1620783818061 1.0 79
1620783821454 1.0 81
1620783824459 1.0 83
1620783827440 1.0 85
1620783830263 1.0 87
1620783832927 1.0 89
1620783835751 1.0 91
1620783838488 1.0 93
1620783841237 0.9932833313941956 95
1620783844638 0.9994166493415833 97
1620783847712 0.9999833106994629 99
