1620783707719 0.1219559758901596 1
1620783710279 0.06488990783691406 3
1620783712832 0.0407864972949028 5
1620783715461 0.02567470632493496 7
1620783718057 0.018837345764040947 9
1620783720905 0.012127185240387917 11
1620783723503 0.009579493664205074 13
1620783726030 0.011191494762897491 15
1620783728595 0.007563036400824785 17
1620783731027 0.00482847960665822 19
1620783733690 0.008281384594738483 21
1620783736407 0.003501068102195859 23
1620783739031 0.0059960815124213696 25
1620783741598 0.00508101237937808 27
1620783744170 0.0004277478437870741 29
1620783746786 0.00010822425974765792 31
1620783749378 7.858662138460204e-05 33
1620783751802 5.992451042402536e-05 35
1620783754360 4.573610203806311e-05 37
1620783756891 0.00598899507895112 39
1620783759456 0.005105388350784779 41
1620783762060 0.000478033849503845 43
1620783764565 7.510547584388405e-05 45
1620783767136 5.399243309511803e-05 47
1620783770082 4.129042645217851e-05 49
1620783772886 3.183112494298257e-05 51
1620783775910 2.4855295123416e-05 53
1620783778858 0.03350195288658142 55
1620783783150 0.0030006086453795433 57
1620783786748 0.00026250877999700606 59
1620783789877 0.009525228291749954 61
1620783792764 0.00331934355199337 63
1620783796037 0.0026155232917517424 65
1620783799358 0.004975742660462856 67
1620783802031 0.004057422745972872 69
1620783804919 0.0028109534177929163 71
1620783808152 0.0029321955516934395 73
1620783811328 9.736435458762571e-05 75
1620783814799 1.672455073276069e-05 77
1620783818061 1.1968229955527931e-05 79
1620783821454 9.195729035127442e-06 81
1620783824459 7.2321449806622695e-06 83
1620783827440 5.634937224385794e-06 85
1620783830263 4.444137630343903e-06 87
1620783832927 3.4356014566583326e-06 89
1620783835751 2.6382197120256023e-06 91
1620783838488 1.958844677574234e-06 93
1620783841237 0.030916674062609673 95
1620783844638 0.0014151792274788022 97
1620783847712 8.119704580167308e-05 99
