1620779958800 0.9169333577156067 0
1620779961392 0.9745000004768372 2
1620779963858 0.9849333167076111 4
1620779966341 0.9902166724205017 6
1620779968812 0.9935166835784912 8
1620779971417 0.9957333207130432 10
1620779973959 0.9970166683197021 12
1620779976636 0.9957833290100098 14
1620779979289 0.9970666766166687 16
1620779981949 0.99836665391922 18
1620779984779 0.9974833130836487 20
1620779987409 0.9985166788101196 22
1620779990079 0.9979833364486694 24
1620779992844 0.9993166923522949 26
1620779996064 0.9999833106994629 28
1620780000033 1.0 30
1620780003638 1.0 32
1620780006201 1.0 34
1620780008790 0.9975166916847229 36
1620780011719 0.9995833039283752 38
1620780014754 0.9987166523933411 40
1620780017464 0.9980666637420654 42
1620780019870 0.9994500279426575 44
1620780022224 0.9976333379745483 46
1620780024705 0.9996500015258789 48
1620780027162 0.9999833106994629 50
1620780029798 1.0 52
1620780032326 1.0 54
1620780034785 1.0 56
1620780037344 1.0 58
1620780040056 1.0 60
1620780042774 1.0 62
1620780045301 0.9985833168029785 64
1620780047693 0.999916672706604 66
1620780050421 1.0 68
1620780053491 1.0 70
1620780056285 1.0 72
1620780058796 1.0 74
1620780062020 1.0 76
1620780065145 1.0 78
1620780068529 1.0 80
1620780071840 1.0 82
1620780074486 1.0 84
1620780077067 1.0 86
1620780079625 1.0 88
1620780082915 0.9982333183288574 90
1620780086432 0.9991000294685364 92
1620780089230 0.999833345413208 94
1620780091654 0.9986500144004822 96
1620780094277 0.9988999962806702 98
