1620779958800 0.28453880548477173 0
1620779961392 0.08477935940027237 2
1620779963858 0.050606437027454376 4
1620779966341 0.03196251392364502 6
1620779968812 0.021901529282331467 8
1620779971417 0.014916867017745972 10
1620779973959 0.010976511053740978 12
1620779976636 0.011944168247282505 14
1620779979289 0.009322835132479668 16
1620779981949 0.005475073121488094 18
1620779984779 0.00759874377399683 20
1620779987409 0.004732187371701002 22
1620779990079 0.005793627817183733 24
1620779992844 0.0029122161213308573 26
1620779996064 0.0004053111479151994 28
1620780000033 0.00011548957991180941 30
1620780003638 8.422874088864774e-05 32
1620780006201 6.688819121336564e-05 34
1620780008790 0.007434911094605923 36
1620780011719 0.001508437329903245 38
1620780014754 0.0035924140829592943 40
1620780017464 0.005179665517061949 42
1620780019870 0.001708535710349679 44
1620780022224 0.00739937461912632 46
1620780024705 0.0010348885552957654 48
1620780027162 0.00026083827833645046 50
1620780029798 3.914176704711281e-05 52
1620780032326 2.4178059902624227e-05 54
1620780034785 1.881205571407918e-05 56
1620780037344 1.4907155673427042e-05 58
1620780040056 1.1427448043832555e-05 60
1620780042774 9.25814310903661e-06 62
1620780045301 0.003975213505327702 64
1620780047693 0.0004204743599984795 66
1620780050421 5.429315206129104e-05 68
1620780053491 2.463975761202164e-05 70
1620780056285 1.834374234022107e-05 72
1620780058796 1.3885804037272464e-05 74
1620780062020 1.0754916729638353e-05 76
1620780065145 8.317187166539952e-06 78
1620780068529 6.340362233459018e-06 80
1620780071840 4.755274403578369e-06 82
1620780074486 3.6041797102370765e-06 84
1620780077067 2.5970502974814735e-06 86
1620780079625 1.896205503726378e-06 88
1620780082915 0.01074911281466484 90
1620780086432 0.002716607879847288 92
1620780089230 0.00038906431291252375 94
1620780091654 0.0042823008261621 96
1620780094277 0.003481764579191804 98
