1620695280382 575.4537353515625 101
1620695280513 763.4224243164062 201
1620695280642 774.3297119140625 301
1620695280769 786.2894897460938 401
1620695280896 786.895751953125 501
1620695281025 780.1005249023438 601
1620695281159 743.3994140625 701
1620695281277 846.5133056640625 801
1620695281394 858.5841674804688 901
1620695281518 807.5162353515625 1001
1620695281645 786.2364501953125 1101
1620695281776 762.82958984375 1201
1620695281903 787.54736328125 1301
1620695282034 761.6825561523438 1401
1620695282159 799.5196533203125 1501
1620695282286 786.1641845703125 1601
1620695282408 823.4329833984375 1701
1620695282531 813.31298828125 1801
1620695282661 770.3433837890625 1901
1620695282786 799.7178344726562 2001
1620695282921 737.9751586914062 2101
1620695283062 712.8853759765625 2201
1620695283192 763.8145141601562 2301
