1620697880100 0.3453125059604645 1
1620697880313 0.3335937559604645 101
1620697880454 0.3218750059604645 201
1620697880596 0.328125 301
1620697880727 0.328125 401
1620697880867 0.3226562440395355 501
1620697881025 0.3179687559604645 601
1620697881170 0.30390626192092896 701
1620697881304 0.30156248807907104 801
1620697881445 0.30000001192092896 901
1620697881590 0.2914062440395355 1001
1620697881756 0.2874999940395355 1101
1620697881937 0.2835937440395355 1201
1620697882086 0.26875001192092896 1301
1620697882218 0.2593750059604645 1401
1620697882365 0.26093751192092896 1501
1620697882504 0.2593750059604645 1601
1620697882643 0.2554687559604645 1701
1620697882782 0.2601562440395355 1801
1620697882925 0.2578125 1901
1620697883061 0.2593750059604645 2001
1620697883195 0.2562499940395355 2101
1620697883328 0.25312501192092896 2201
1620697883461 0.2562499940395355 2301
1620697883596 0.2554687559604645 2401
1620697883724 0.25703126192092896 2501
1620697883862 0.2562499940395355 2601
1620697883997 0.25078123807907104 2701
1620697884127 0.25703126192092896 2801
1620697884260 0.24687500298023224 2901
1620697884394 0.2578125 3001
1620697884524 0.24375000596046448 3101
1620697884656 0.25078123807907104 3201
1620697884788 0.25078123807907104 3301
1620697884939 0.2515625059604645 3401
1620697885072 0.25078123807907104 3501
1620697885208 0.2515625059604645 3601
1620697885352 0.24765625596046448 3701
1620697885517 0.25312501192092896 3801
1620697885661 0.2515625059604645 3901
1620697885801 0.25468748807907104 4001
1620697885974 0.24765625596046448 4101
1620697886142 0.25078123807907104 4201
1620697886327 0.24453124403953552 4301
1620697886501 0.2523437440395355 4401
1620697886661 0.24609375 4501
1620697886797 0.25312501192092896 4601
1620697886951 0.24062499403953552 4701
1620697887115 0.24296875298023224 4801
1620697887344 0.2421875 4901
