1620695876663 2.2753005027770996 1
1620695876853 1.5208487510681152 101
1620695876999 1.3415870666503906 201
1620695877155 1.320540189743042 301
1620695877307 1.1669402122497559 401
1620695877464 1.1630369424819946 501
1620695877603 1.137075424194336 601
1620695877737 1.0841082334518433 701
1620695877877 1.0943251848220825 801
1620695878019 1.061352014541626 901
1620695878186 1.00615656375885 1001
1620695878329 1.0192265510559082 1101
1620695878474 1.0040724277496338 1201
1620695878644 1.001909613609314 1301
1620695878782 0.9669011831283569 1401
1620695878921 0.9705941677093506 1501
1620695879076 0.9586927890777588 1601
1620695879224 0.9458153247833252 1701
1620695879355 0.949159562587738 1801
1620695879494 0.9393098950386047 1901
1620695879636 0.9489102363586426 2001
1620695879777 0.9410666227340698 2101
1620695879919 0.9388418197631836 2201
1620695880066 0.9129189848899841 2301
1620695880922 0.968327522277832 2400
