1620698360982 1.548935890197754 1
1620698361184 1.0858205556869507 101
1620698361326 1.0055902004241943 201
1620698361454 0.9673812389373779 301
1620698361582 0.887775182723999 401
1620698361708 0.8979738354682922 501
1620698361851 0.8879753351211548 601
1620698361981 0.8754653930664062 701
1620698362105 0.8485783338546753 801
1620698362233 0.8415845632553101 901
1620698362356 0.8160561323165894 1001
1620698362478 0.8044064044952393 1101
1620698362599 0.7926514148712158 1201
1620698362724 0.8035908341407776 1301
1620698362867 0.8024386167526245 1401
1620698363001 0.7694939374923706 1501
1620698363132 0.7636305093765259 1601
1620698363270 0.7086366415023804 1701
1620698363399 0.718731164932251 1801
1620698363523 0.7034271955490112 1901
1620698363646 0.7216947078704834 2001
1620698363787 0.7027790546417236 2101
1620698363937 0.7048949003219604 2201
1620698364077 0.6867152452468872 2301
1620698364218 0.6685237884521484 2401
1620698364350 0.6786487102508545 2501
1620698364481 0.6549105644226074 2601
1620698364622 0.6454592347145081 2701
1620698364766 0.6242561340332031 2801
1620698364960 0.6182268857955933 2901
1620698365125 0.603965163230896 3001
1620698365283 0.5878627300262451 3101
1620698365431 0.6009103655815125 3201
1620698365573 0.6046717166900635 3301
1620698365724 0.6033085584640503 3401
1620698365888 0.5623892545700073 3501
1620698366035 0.5703644156455994 3601
1620698366176 0.5704817175865173 3701
1620698366316 0.5696751475334167 3801
1620698366439 0.5487269759178162 3901
1620698366559 0.5499786138534546 4001
1620698366679 0.5149555206298828 4101
1620698366812 0.5298886299133301 4201
1620698366950 0.5216903686523438 4301
1620698367086 0.5496302843093872 4401
1620698367220 0.5189226865768433 4501
1620698367360 0.514427900314331 4601
1620698367500 0.5072319507598877 4701
1620698367640 0.5079568028450012 4801
1620698367781 0.5082576274871826 4901
1620698367928 0.45722898840904236 5001
1620698368068 0.4942440390586853 5101
1620698368200 0.5073788166046143 5201
1620698368329 0.48429590463638306 5301
1620698368460 0.4717545807361603 5401
1620698368593 0.4711519479751587 5501
1620698368731 0.4837706387042999 5601
1620698368875 0.46509039402008057 5701
1620698369006 0.4447614550590515 5801
1620698369135 0.4317582845687866 5901
1620698369273 0.4500049352645874 6001
1620698369407 0.4398694634437561 6101
1620698369545 0.4464882016181946 6201
1620698369683 0.4319233298301697 6301
1620698369837 0.4265933036804199 6401
1620698369978 0.3984866142272949 6501
1620698370110 0.4196609854698181 6601
1620698370247 0.3869921565055847 6701
1620698370378 0.4239957332611084 6801
1620698370509 0.4186640977859497 6901
1620698370641 0.4155879616737366 7001
1620698370791 0.43813496828079224 7101
1620698370957 0.41362154483795166 7201
1620698371105 0.4123423099517822 7301
1620698371256 0.39611896872520447 7401
1620698371411 0.40234845876693726 7501
1620698371544 0.3973035514354706 7601
1620698371679 0.4050743579864502 7701
1620698371827 0.39255690574645996 7801
1620698371966 0.38766056299209595 7901
1620698372105 0.40741977095603943 8001
1620698372237 0.3853183388710022 8101
1620698372369 0.376934289932251 8201
1620698372505 0.3917160630226135 8301
1620698372638 0.3817710876464844 8401
1620698372777 0.36533862352371216 8501
1620698372920 0.38147374987602234 8601
1620698373056 0.3744131326675415 8701
1620698373188 0.36529111862182617 8801
1620698373327 0.37811779975891113 8901
1620698373463 0.3624957203865051 9001
1620698373591 0.3560984134674072 9101
1620698373723 0.3653559386730194 9201
1620698373869 0.36864930391311646 9301
1620698374006 0.3495071530342102 9401
1620698374137 0.3399045467376709 9501
1620698374268 0.3549897372722626 9601
1620698374402 0.3598836660385132 9701
1620698374538 0.3721873462200165 9801
1620698374676 0.34501856565475464 9901
1620698374853 0.3674701750278473 10001
1620698375031 0.3284803628921509 10101
1620698375178 0.3374119997024536 10201
1620698375315 0.3472108244895935 10301
1620698375446 0.3257463872432709 10401
1620698375578 0.32894402742385864 10501
1620698375714 0.3392180800437927 10601
1620698375858 0.35219037532806396 10701
1620698375987 0.3286362290382385 10801
1620698376114 0.3291754126548767 10901
1620698376243 0.3187751770019531 11001
1620698376370 0.3195255994796753 11101
1620698376495 0.33810460567474365 11201
1620698376620 0.343747079372406 11301
1620698376750 0.3188217282295227 11401
1620698376889 0.33445921540260315 11501
1620698377015 0.33888524770736694 11601
1620698377144 0.32169467210769653 11701
1620698377278 0.3130810260772705 11801
1620698377410 0.32820066809654236 11901
1620698377543 0.30837029218673706 12001
1620698377678 0.30727025866508484 12101
1620698377829 0.29323938488960266 12201
1620698377971 0.3167874217033386 12301
1620698378107 0.31147393584251404 12401
1620698378240 0.3239632248878479 12501
1620698378371 0.2993040680885315 12601
1620698378509 0.3111861050128937 12701
1620698378644 0.3099418878555298 12801
1620698378785 0.298903226852417 12901
1620698378943 0.30936041474342346 13001
1620698379092 0.2985125780105591 13101
1620698379241 0.3003156781196594 13201
1620698379376 0.30799856781959534 13301
1620698379512 0.3015756607055664 13401
1620698379653 0.2951287627220154 13501
1620698379800 0.2987145781517029 13601
1620698379941 0.29278111457824707 13701
1620698380071 0.29298216104507446 13801
1620698380202 0.3056688904762268 13901
1620698380337 0.2835081219673157 14001
1620698380488 0.28429919481277466 14101
1620698380638 0.2730255424976349 14201
1620698380782 0.28912168741226196 14301
1620698380939 0.2901577353477478 14401
1620698381080 0.2873038649559021 14501
1620698381231 0.27888742089271545 14601
1620698381385 0.2753180265426636 14701
1620698381526 0.2710609436035156 14801
1620698381676 0.26096662878990173 14901
1620698381812 0.27812284231185913 15001
1620698381964 0.2651205062866211 15101
1620698382094 0.2950642704963684 15201
1620698382220 0.273659884929657 15301
1620698382349 0.26347535848617554 15401
1620698382479 0.27831465005874634 15501
1620698382608 0.2676389217376709 15601
1620698382735 0.2618335485458374 15701
1620698382878 0.26313257217407227 15801
1620698383019 0.26186084747314453 15901
1620698383154 0.27573561668395996 16001
1620698383290 0.26071619987487793 16101
1620698383422 0.27073806524276733 16201
1620698383560 0.26879802346229553 16301
1620698383690 0.262278288602829 16401
1620698383837 0.2604210674762726 16501
1620698383988 0.25681668519973755 16601
1620698384129 0.23655346035957336 16701
1620698384273 0.2549208402633667 16801
1620698384408 0.22731749713420868 16901
1620698384547 0.2354605793952942 17001
1620698384687 0.24904309213161469 17101
1620698384828 0.22810162603855133 17201
1620698384986 0.2430979311466217 17301
1620698385134 0.24168846011161804 17401
1620698385269 0.27083733677864075 17501
1620698385404 0.25434744358062744 17601
1620698385537 0.2513984441757202 17701
1620698385672 0.25390034914016724 17801
1620698385818 0.23729953169822693 17901
1620698385966 0.25191426277160645 18001
1620698386107 0.24451062083244324 18101
1620698386250 0.24906760454177856 18201
1620698386407 0.23694676160812378 18301
1620698386545 0.22004985809326172 18401
1620698386682 0.23700383305549622 18501
1620698386834 0.23935572803020477 18601
1620698386989 0.2296072244644165 18701
1620698387135 0.23510637879371643 18801
1620698387276 0.2352607250213623 18901
1620698387425 0.2183966189622879 19001
1620698387575 0.23960459232330322 19101
1620698387717 0.23268383741378784 19201
1620698387866 0.25117558240890503 19301
1620698388012 0.23425507545471191 19401
1620698388138 0.23198990523815155 19501
1620698388277 0.23366940021514893 19601
1620698388473 0.22549276053905487 19701
1620698388658 0.22704601287841797 19801
1620698388819 0.23498404026031494 19901
