1620690967748 0.6468750238418579 1
1620690967912 0.637499988079071 101
1620690968016 0.653124988079071 201
1620690968126 0.621874988079071 301
1620690968234 0.643750011920929 401
1620690968340 0.628125011920929 501
1620690968439 0.640625 601
1620690968538 0.637499988079071 701
1620690968659 0.6312500238418579 801
1620690968766 0.6312500238418579 901
1620690968867 0.6343749761581421 1001
1620690968965 0.6343749761581421 1101
1620690969066 0.6312500238418579 1201
1620690969153 0.6343749761581421 1301
1620690969239 0.625 1401
