1620698208949 0.6000000238418579 1
1620698209137 0.6031249761581421 101
1620698209278 0.60546875 201
1620698209406 0.6109374761581421 301
1620698209556 0.61328125 401
1620698209704 0.6156250238418579 501
1620698209836 0.6156250238418579 601
1620698209959 0.616406261920929 701
1620698210078 0.614062488079071 801
1620698210210 0.6148437261581421 901
1620698210336 0.6171875 1001
1620698210472 0.6109374761581421 1101
1620698210611 0.6156250238418579 1201
1620698210738 0.6148437261581421 1301
1620698210860 0.6148437261581421 1401
1620698210981 0.61328125 1501
1620698211103 0.6156250238418579 1601
1620698211233 0.610156238079071 1701
1620698211361 0.612500011920929 1801
1620698211493 0.616406261920929 1901
1620698211623 0.61328125 2001
1620698211748 0.6117187738418579 2101
1620698211867 0.608593761920929 2201
1620698211993 0.612500011920929 2301
1620698212115 0.61328125 2401
1620698212242 0.6117187738418579 2501
1620698212367 0.610156238079071 2601
1620698212495 0.612500011920929 2701
1620698212629 0.6109374761581421 2801
1620698212759 0.610156238079071 2901
1620698212890 0.614062488079071 3001
1620698213023 0.61328125 3101
1620698213167 0.61328125 3201
1620698213297 0.61328125 3301
1620698213446 0.616406261920929 3401
1620698213592 0.614062488079071 3501
1620698213727 0.614062488079071 3601
1620698213851 0.61328125 3701
1620698213987 0.6156250238418579 3801
1620698214122 0.614062488079071 3901
1620698214259 0.6148437261581421 4001
1620698214406 0.617968738079071 4101
1620698214553 0.614062488079071 4201
1620698214687 0.610156238079071 4301
1620698214832 0.617968738079071 4401
1620698215005 0.6171875 4501
1620698215174 0.6148437261581421 4601
1620698215317 0.6156250238418579 4701
1620698215449 0.616406261920929 4801
1620698215616 0.6187499761581421 4901
1620698215780 0.6171875 5001
1620698215912 0.6148437261581421 5101
1620698216043 0.614062488079071 5201
1620698216179 0.612500011920929 5301
1620698216317 0.6148437261581421 5401
1620698216447 0.61328125 5501
1620698216585 0.61328125 5601
1620698216727 0.6156250238418579 5701
1620698216865 0.612500011920929 5801
1620698216996 0.616406261920929 5901
1620698217139 0.616406261920929 6001
1620698217277 0.6148437261581421 6101
1620698217414 0.6156250238418579 6201
1620698217561 0.6148437261581421 6301
1620698217697 0.616406261920929 6401
1620698217835 0.61328125 6501
1620698217966 0.616406261920929 6601
1620698218099 0.61328125 6701
1620698218233 0.620312511920929 6801
1620698218366 0.616406261920929 6901
1620698218505 0.6187499761581421 7001
1620698218642 0.621874988079071 7101
1620698218785 0.6156250238418579 7201
1620698218915 0.6156250238418579 7301
1620698219051 0.6195312738418579 7401
1620698219189 0.6171875 7501
1620698219322 0.612500011920929 7601
1620698219462 0.617968738079071 7701
1620698219607 0.6156250238418579 7801
1620698219747 0.617968738079071 7901
1620698219880 0.61328125 8001
1620698220016 0.6171875 8101
1620698220214 0.609375 8201
1620698220382 0.6148437261581421 8301
1620698220561 0.617968738079071 8401
1620698220741 0.614062488079071 8501
1620698220877 0.616406261920929 8601
1620698221008 0.6156250238418579 8701
1620698221141 0.616406261920929 8801
1620698221282 0.612500011920929 8901
1620698221413 0.6171875 9001
1620698221560 0.6171875 9101
1620698221709 0.614062488079071 9201
1620698221848 0.6156250238418579 9301
1620698221978 0.620312511920929 9401
1620698222108 0.61328125 9501
1620698222246 0.6171875 9601
1620698222376 0.6171875 9701
1620698222520 0.6156250238418579 9801
1620698222659 0.6156250238418579 9901
1620698222799 0.6156250238418579 10001
1620698222929 0.620312511920929 10101
1620698223061 0.6156250238418579 10201
1620698223191 0.6148437261581421 10301
1620698223336 0.617968738079071 10401
1620698223476 0.6148437261581421 10501
1620698223627 0.616406261920929 10601
1620698223765 0.6171875 10701
1620698223895 0.6148437261581421 10801
1620698224036 0.6171875 10901
1620698224179 0.610156238079071 11001
1620698224317 0.6171875 11101
1620698224449 0.614062488079071 11201
1620698224590 0.614062488079071 11301
1620698224728 0.6148437261581421 11401
1620698224875 0.6195312738418579 11501
1620698225018 0.614062488079071 11601
1620698225162 0.616406261920929 11701
1620698225300 0.61328125 11801
1620698225437 0.609375 11901
1620698225590 0.6156250238418579 12001
1620698225738 0.614062488079071 12101
1620698225875 0.61328125 12201
1620698226006 0.616406261920929 12301
1620698226148 0.6148437261581421 12401
1620698226292 0.616406261920929 12501
1620698226425 0.6156250238418579 12601
1620698226566 0.62109375 12701
1620698226709 0.6156250238418579 12801
1620698226844 0.6156250238418579 12901
1620698226977 0.6148437261581421 13001
1620698227109 0.6187499761581421 13101
1620698227249 0.6156250238418579 13201
1620698227392 0.6156250238418579 13301
1620698227532 0.610156238079071 13401
1620698227675 0.6148437261581421 13501
1620698227816 0.612500011920929 13601
1620698227951 0.612500011920929 13701
1620698228092 0.6156250238418579 13801
1620698228225 0.6148437261581421 13901
1620698228358 0.612500011920929 14001
1620698228486 0.6148437261581421 14101
1620698228632 0.614062488079071 14201
1620698228776 0.616406261920929 14301
1620698228908 0.6156250238418579 14401
1620698229038 0.61328125 14501
1620698229174 0.61328125 14601
1620698229313 0.6148437261581421 14701
1620698229442 0.614062488079071 14801
1620698229591 0.6156250238418579 14901
1620698229736 0.6148437261581421 15001
1620698229877 0.61328125 15101
1620698230015 0.617968738079071 15201
1620698230146 0.614062488079071 15301
1620698230288 0.6156250238418579 15401
1620698230423 0.6148437261581421 15501
1620698230563 0.614062488079071 15601
1620698230702 0.6148437261581421 15701
1620698230843 0.609375 15801
1620698230983 0.6156250238418579 15901
1620698231119 0.6156250238418579 16001
1620698231260 0.614062488079071 16101
1620698231395 0.614062488079071 16201
1620698231542 0.6148437261581421 16301
1620698231678 0.61328125 16401
1620698231807 0.6156250238418579 16501
1620698231937 0.6195312738418579 16601
1620698232067 0.612500011920929 16701
1620698232203 0.6156250238418579 16801
1620698232339 0.617968738079071 16901
1620698232482 0.6148437261581421 17001
1620698232629 0.6156250238418579 17101
1620698232775 0.616406261920929 17201
1620698232911 0.6156250238418579 17301
1620698233038 0.616406261920929 17401
1620698233163 0.61328125 17501
1620698233329 0.6156250238418579 17601
1620698233514 0.614062488079071 17701
1620698233721 0.617968738079071 17801
1620698233901 0.61328125 17901
1620698234067 0.6148437261581421 18001
1620698234288 0.616406261920929 18101
1620698234455 0.614062488079071 18201
1620698234632 0.614062488079071 18301
1620698234825 0.6156250238418579 18401
1620698234998 0.612500011920929 18501
1620698235178 0.614062488079071 18601
1620698235343 0.6078125238418579 18701
1620698235487 0.6117187738418579 18801
1620698235635 0.612500011920929 18901
1620698235788 0.6117187738418579 19001
1620698235933 0.61328125 19101
1620698236071 0.612500011920929 19201
1620698236206 0.61328125 19301
1620698236354 0.6156250238418579 19401
1620698236501 0.61328125 19501
1620698236647 0.612500011920929 19601
1620698236810 0.616406261920929 19701
1620698236966 0.614062488079071 19801
1620698237111 0.6109374761581421 19901
