1620690967908 621.0609130859375 101
1620690968012 963.5654296875 201
1620690968123 901.7371215820312 301
1620690968230 931.2769775390625 401
1620690968337 941.4190063476562 501
1620690968436 1006.9970703125 601
1620690968535 1008.8135986328125 701
1620690968655 837.4087524414062 801
1620690968762 928.3233032226562 901
1620690968864 979.3231811523438 1001
1620690968962 1027.7486572265625 1101
1620690969062 993.3742065429688 1201
1620690969150 1138.2965087890625 1301
1620690969236 1166.29931640625 1401
