1620690980261 556.5852661132812 101
1620690980371 908.4085693359375 201
1620690980481 910.1768188476562 301
1620690980587 940.9818115234375 401
1620690980718 767.9484252929688 501
1620690980863 686.5902099609375 601
1620690980967 962.6233520507812 701
1620690981070 972.3983154296875 801
1620690981179 919.027587890625 901
1620690981280 991.7206420898438 1001
1620690981377 1031.1419677734375 1101
1620690981469 1085.867431640625 1201
1620690981562 1077.3382568359375 1301
1620690981649 1148.485595703125 1401
1620690981761 890.9568481445312 1501
1620690981873 891.3165893554688 1601
1620690981973 1001.9765625 1701
1620690982068 1047.7640380859375 1801
1620690982162 1070.3414306640625 1901
