1620690967748 0.3375000059604645 1
1620690967912 0.3375000059604645 101
1620690968016 0.3499999940395355 201
1620690968126 0.3187499940395355 301
1620690968234 0.3375000059604645 401
1620690968340 0.328125 501
1620690968439 0.3343749940395355 601
1620690968538 0.3375000059604645 701
1620690968659 0.33125001192092896 801
1620690968766 0.33125001192092896 901
1620690968867 0.3218750059604645 1001
1620690968965 0.33125001192092896 1101
1620690969066 0.3218750059604645 1201
1620690969153 0.33125001192092896 1301
1620690969239 0.3125 1401
