1620780365307 0.9176499843597412 0
1620780367924 0.9742500185966492 2
1620780370642 0.9849666953086853 4
1620780373236 0.9903500080108643 6
1620780375655 0.9937000274658203 8
1620780378188 0.9955333471298218 10
1620780380907 0.9970333576202393 12
1620780383403 0.99836665391922 14
1620780385842 0.9968500137329102 16
1620780388259 0.9986500144004822 18
1620780390805 0.998283326625824 20
1620780393218 0.9980999827384949 22
1620780395630 0.9991499781608582 24
1620780398022 0.9969833493232727 26
1620780400366 0.9995333552360535 28
1620780403001 0.9997000098228455 30
1620780405589 0.9974666833877563 32
1620780408242 0.9994833469390869 34
1620780410713 0.9965999722480774 36
1620780413101 0.9989500045776367 38
1620780415578 0.9989333152770996 40
1620780418183 0.9981666803359985 42
1620780420838 0.9987666606903076 44
1620780423418 0.9983833432197571 46
1620780426157 0.9994999766349792 48
1620780428786 0.9986500144004822 50
1620780431349 0.9999333620071411 52
1620780433911 0.99795001745224 54
1620780436396 0.999666690826416 56
1620780439008 0.9983000159263611 58
1620780441446 0.9994999766349792 60
1620780443968 0.9995999932289124 62
1620780446598 0.9991000294685364 64
1620780449129 0.9999833106994629 66
1620780451579 1.0 68
1620780454037 1.0 70
1620780456553 1.0 72
1620780459005 1.0 74
1620780461568 1.0 76
1620780464076 1.0 78
1620780466510 1.0 80
1620780469011 1.0 82
1620780471511 1.0 84
1620780474015 1.0 86
1620780476480 1.0 88
1620780478983 1.0 90
1620780481438 1.0 92
1620780483920 1.0 94
1620780486505 1.0 96
1620780489132 1.0 98
