1620780365307 0.2864208519458771 0
1620780367924 0.08600206673145294 2
1620780370642 0.04933399334549904 4
1620780373236 0.03146502748131752 6
1620780375655 0.021097879856824875 8
1620780378188 0.014594821259379387 10
1620780380907 0.010312066413462162 12
1620780383403 0.006357841193675995 14
1620780385842 0.009370159357786179 16
1620780388259 0.004573052283376455 18
1620780390805 0.005505076609551907 20
1620780393218 0.0058961426839232445 22
1620780395630 0.0027976427227258682 24
1620780398022 0.008808805607259274 26
1620780400366 0.0017377383774146438 28
1620780403001 0.0011642323806881905 30
1620780405589 0.008030027151107788 32
1620780408242 0.0018067531054839492 34
1620780410713 0.010349197313189507 36
1620780413101 0.003090010490268469 38
1620780415578 0.0033024847507476807 40
1620780418183 0.005121063906699419 42
1620780420838 0.0037647427525371313 44
1620780423418 0.004803461022675037 46
1620780426157 0.0014418779173865914 48
1620780428786 0.0042457133531570435 50
1620780431349 0.0004075158212799579 52
1620780433911 0.006845369003713131 54
1620780436396 0.001327970647253096 56
1620780439008 0.0048178210854530334 58
1620780441446 0.0013270714553073049 60
1620780443968 0.001232861657626927 62
1620780446598 0.00317414291203022 64
1620780449129 6.635976023972034e-05 66
1620780451579 1.2870123100583442e-05 68
1620780454037 9.298272743762936e-06 70
1620780456553 7.092533451213967e-06 72
1620780459005 5.490040621225489e-06 74
1620780461568 4.198876922600903e-06 76
1620780464076 3.2117986847879365e-06 78
1620780466510 2.434203452139627e-06 80
1620780469011 1.8525819314163527e-06 82
1620780471511 1.3732599200011464e-06 84
1620780474015 1.0249292472508387e-06 86
1620780476480 7.64147785048408e-07 88
1620780478983 5.541451741919445e-07 90
1620780481438 3.9876198343336e-07 92
1620780483920 2.8537687057905714e-07 94
1620780486505 2.1120551707554114e-07 96
1620780489132 1.582356219387293e-07 98
