1620697880100 0.640625 1
1620697880313 0.694531261920929 101
1620697880454 0.6976562738418579 201
1620697880596 0.69921875 301
1620697880727 0.69921875 401
1620697880867 0.69921875 501
1620697881025 0.69921875 601
1620697881170 0.69921875 701
1620697881304 0.69921875 801
1620697881445 0.69921875 901
1620697881590 0.699999988079071 1001
1620697881756 0.699999988079071 1101
1620697881937 0.7007812261581421 1201
1620697882086 0.7007812261581421 1301
1620697882218 0.7007812261581421 1401
1620697882365 0.7007812261581421 1501
1620697882504 0.7015625238418579 1601
1620697882643 0.702343761920929 1701
1620697882782 0.7015625238418579 1801
1620697882925 0.7015625238418579 1901
1620697883061 0.7054687738418579 2001
1620697883195 0.7085937261581421 2101
1620697883328 0.7109375 2201
1620697883461 0.714062511920929 2301
1620697883596 0.7132812738418579 2401
1620697883724 0.7171875238418579 2501
1620697883862 0.7203124761581421 2601
1620697883997 0.719531238079071 2701
1620697884127 0.723437488079071 2801
1620697884260 0.7242187261581421 2901
1620697884394 0.7250000238418579 3001
1620697884524 0.727343738079071 3101
1620697884656 0.73046875 3201
1620697884788 0.7320312261581421 3301
1620697884939 0.7289062738418579 3401
1620697885072 0.7242187261581421 3501
1620697885208 0.731249988079071 3601
1620697885352 0.725781261920929 3701
1620697885517 0.729687511920929 3801
1620697885661 0.7328125238418579 3901
1620697885801 0.734375 4001
1620697885974 0.7328125238418579 4101
1620697886142 0.7359374761581421 4201
1620697886327 0.7359374761581421 4301
1620697886501 0.7320312261581421 4401
1620697886661 0.735156238079071 4501
1620697886797 0.731249988079071 4601
1620697886951 0.7359374761581421 4701
1620697887115 0.737500011920929 4801
1620697887344 0.7367187738418579 4901
