1620698092980 507.9645690917969 101
1620698093127 681.1146240234375 201
1620698093287 624.025146484375 301
1620698093425 723.4240112304688 401
1620698093564 719.9718627929688 501
1620698093697 752.6439208984375 601
1620698093837 713.4334716796875 701
1620698093968 763.9800415039062 801
1620698094105 731.3226928710938 901
1620698094247 701.7723999023438 1001
1620698094377 768.325439453125 1101
1620698094497 836.4668579101562 1201
1620698094624 789.9428100585938 1301
1620698094754 765.6619873046875 1401
1620698094882 782.4011840820312 1501
1620698095005 815.2289428710938 1601
1620698095126 822.9288940429688 1701
1620698095259 750.3320922851562 1801
1620698095393 750.9796752929688 1901
1620698095534 708.002197265625 2001
1620698095675 708.9822998046875 2101
1620698095810 737.181396484375 2201
1620698095948 726.7432250976562 2301
1620698096083 742.19970703125 2401
1620698096217 743.893798828125 2501
1620698096356 718.7159423828125 2601
1620698096507 665.651611328125 2701
1620698096649 701.0404663085938 2801
1620698096783 746.4529418945312 2901
1620698096918 743.6234741210938 3001
1620698097051 750.4945678710938 3101
1620698097181 766.14306640625 3201
1620698097343 619.680908203125 3301
1620698097475 755.4568481445312 3401
1620698097612 733.525146484375 3501
1620698097754 701.4519653320312 3601
1620698097886 757.83740234375 3701
1620698098027 709.5436401367188 3801
1620698098165 722.4906616210938 3901
1620698098309 694.42236328125 4001
1620698098446 734.0257568359375 4101
1620698098588 703.8674926757812 4201
1620698098727 719.3778686523438 4301
1620698098861 746.2935180664062 4401
1620698098991 768.646484375 4501
1620698099118 786.7039184570312 4601
1620698099273 645.0244750976562 4701
1620698099430 634.71875 4801
1620698099575 692.6368408203125 4901
1620698099708 749.0109252929688 5001
1620698099844 735.675048828125 5101
1620698099985 712.0454711914062 5201
1620698100170 540.027099609375 5301
1620698100348 561.8745727539062 5401
1620698100504 641.9984130859375 5501
1620698100666 615.23876953125 5601
1620698100827 622.1378173828125 5701
1620698101007 554.2171020507812 5801
1620698101187 558.1272583007812 5901
1620698101402 464.4170837402344 6001
1620698101635 429.3395690917969 6101
1620698101845 476.8638916015625 6201
1620698102002 636.9820556640625 6301
1620698102142 709.9111328125 6401
1620698102283 710.6364135742188 6501
1620698102424 710.3126831054688 6601
1620698102561 731.1289672851562 6701
1620698102696 739.5887451171875 6801
1620698102839 698.162841796875 6901
1620698102978 721.7310791015625 7001
1620698103109 760.2550048828125 7101
1620698103244 742.3389282226562 7201
1620698103396 657.809326171875 7301
1620698103540 691.769775390625 7401
1620698103681 709.3036499023438 7501
1620698103831 668.15625 7601
1620698103974 698.2279052734375 7701
1620698104117 701.2068481445312 7801
1620698104252 742.3731079101562 7901
1620698104399 676.67529296875 8001
1620698104529 770.285400390625 8101
1620698104675 687.9359130859375 8201
1620698104827 655.8262329101562 8301
1620698105005 560.9915771484375 8401
1620698105172 598.3272705078125 8501
1620698105323 665.5470581054688 8601
1620698105463 710.8158569335938 8701
1620698105611 676.8609008789062 8801
1620698105751 713.97998046875 8901
1620698105883 757.9976196289062 9001
1620698106026 700.0529174804688 9101
1620698106169 699.88818359375 9201
1620698106325 640.2979736328125 9301
1620698106478 653.0569458007812 9401
1620698106652 576.6856689453125 9501
1620698106822 587.037109375 9601
1620698106973 663.6998291015625 9701
1620698107115 704.3260498046875 9801
1620698107265 664.811767578125 9901
