1620698361180 502.8894348144531 101
1620698361322 705.0245971679688 201
1620698361450 780.2528686523438 301
1620698361579 779.4032592773438 401
1620698361705 790.903564453125 501
1620698361848 700.783935546875 601
1620698361978 766.550537109375 701
1620698362101 810.8319702148438 801
1620698362230 779.0760498046875 901
1620698362353 810.6376342773438 1001
1620698362475 821.771240234375 1101
1620698362596 826.154541015625 1201
1620698362720 805.5048217773438 1301
1620698362864 694.4821166992188 1401
1620698362997 750.0396118164062 1501
1620698363129 757.9442138671875 1601
1620698363266 730.9658813476562 1701
1620698363396 769.9544677734375 1801
1620698363520 804.5530395507812 1901
1620698363642 819.8821411132812 2001
1620698363783 712.42529296875 2101
1620698363933 665.593505859375 2201
1620698364073 710.5557250976562 2301
1620698364214 709.5340576171875 2401
1620698364347 756.2141723632812 2501
1620698364478 762.2127075195312 2601
1620698364618 711.5418090820312 2701
1620698364763 692.5670776367188 2801
1620698364956 518.8189697265625 2901
1620698365121 605.5776977539062 3001
1620698365280 628.2095947265625 3101
1620698365427 678.8426513671875 3201
1620698365569 703.579345703125 3301
1620698365719 668.3137817382812 3401
1620698365884 606.0887451171875 3501
1620698366031 680.233154296875 3601
1620698366173 704.1534423828125 3701
1620698366312 717.7455444335938 3801
1620698366436 807.2753295898438 3901
1620698366556 836.5018920898438 4001
1620698366676 828.5879516601562 4101
1620698366808 757.102783203125 4201
1620698366946 724.3860473632812 4301
1620698367082 736.1566162109375 4401
1620698367216 745.9192504882812 4501
1620698367356 714.6600341796875 4601
1620698367497 712.870849609375 4701
1620698367637 714.7465209960938 4801
1620698367777 709.7693481445312 4901
1620698367925 678.12158203125 5001
1620698368064 718.1326293945312 5101
1620698368197 754.4553833007812 5201
1620698368325 776.32763671875 5301
1620698368457 761.2747192382812 5401
1620698368589 754.9605102539062 5501
1620698368727 736.4099731445312 5601
1620698368872 683.0402221679688 5701
1620698369002 763.5086059570312 5801
1620698369132 774.2096557617188 5901
1620698369270 723.7261352539062 6001
1620698369404 747.125732421875 6101
1620698369542 722.8641967773438 6201
1620698369679 728.5724487304688 6301
1620698369833 650.7952880859375 6401
1620698369974 706.4769287109375 6501
1620698370106 757.5855102539062 6601
1620698370244 729.0131225585938 6701
1620698370371 787.4010009765625 6801
1620698370506 738.7186279296875 6901
1620698370638 756.5865478515625 7001
1620698370787 669.699951171875 7101
1620698370954 601.2227172851562 7201
1620698371100 683.1603393554688 7301
1620698371252 657.1311645507812 7401
1620698371407 645.097900390625 7501
1620698371541 750.0167846679688 7601
1620698371676 738.5846557617188 7701
1620698371823 680.1768798828125 7801
1620698371963 715.65625 7901
1620698372101 722.657470703125 8001
1620698372234 755.0325317382812 8101
1620698372366 755.368408203125 8201
1620698372502 738.3012084960938 8301
1620698372635 748.9735107421875 8401
1620698372773 724.3035278320312 8501
1620698372916 698.211669921875 8601
1620698373053 732.8753051757812 8701
1620698373184 760.8714599609375 8801
1620698373324 716.26123046875 8901
1620698373459 737.0712890625 9001
1620698373588 779.66259765625 9101
1620698373719 759.6326293945312 9201
1620698373865 686.5081787109375 9301
1620698374003 727.4730224609375 9401
1620698374133 764.3114013671875 9501
1620698374265 760.2949829101562 9601
1620698374399 744.9468383789062 9701
1620698374534 738.9867553710938 9801
1620698374673 723.7310791015625 9901
1620698374848 571.1641845703125 10001
1620698375027 556.456787109375 10101
1620698375175 678.696533203125 10201
1620698375312 730.7391967773438 10301
1620698375443 761.4419555664062 10401
1620698375575 758.898681640625 10501
1620698375711 734.9660034179688 10601
1620698375855 693.5118408203125 10701
1620698375984 776.7905883789062 10801
1620698376110 789.2664794921875 10901
1620698376239 775.5696411132812 11001
1620698376367 784.5818481445312 11101
1620698376492 798.457275390625 11201
1620698376617 802.6270141601562 11301
1620698376747 765.7318725585938 11401
1620698376886 723.0025634765625 11501
1620698377012 789.9338989257812 11601
1620698377140 779.9061279296875 11701
1620698377275 741.897705078125 11801
1620698377407 758.0770874023438 11901
1620698377540 752.8519897460938 12001
1620698377675 742.3888549804688 12101
1620698377826 662.2149658203125 12201
1620698377967 704.4928588867188 12301
1620698378104 735.0613403320312 12401
1620698378236 752.9641723632812 12501
1620698378368 759.731689453125 12601
1620698378506 723.84228515625 12701
1620698378641 742.5308227539062 12801
1620698378782 710.4125366210938 12901
1620698378939 633.58447265625 13001
1620698379089 670.3667602539062 13101
1620698379237 671.814208984375 13201
1620698379373 739.2511596679688 13301
1620698379510 730.889404296875 13401
1620698379650 713.3267211914062 13501
1620698379797 680.862548828125 13601
1620698379937 714.4238891601562 13701
1620698380067 765.351806640625 13801
1620698380198 762.9530639648438 13901
1620698380333 742.1011962890625 14001
1620698380484 666.397216796875 14101
1620698380634 663.5349731445312 14201
1620698380778 692.897705078125 14301
1620698380935 636.60693359375 14401
1620698381076 708.5379638671875 14501
1620698381228 661.4088134765625 14601
1620698381381 651.5606079101562 14701
1620698381523 706.701904296875 14801
1620698381673 666.3929443359375 14901
1620698381809 733.0033569335938 15001
1620698381961 659.7068481445312 15101
1620698382091 768.3282470703125 15201
1620698382216 798.3751831054688 15301
1620698382346 768.7521362304688 15401
1620698382475 774.3283081054688 15501
1620698382604 774.874755859375 15601
1620698382731 788.7424926757812 15701
1620698382875 695.796630859375 15801
1620698383015 711.8207397460938 15901
1620698383150 741.44921875 16001
1620698383287 730.4617309570312 16101
1620698383419 756.3955078125 16201
1620698383557 726.5833129882812 16301
1620698383687 769.3683471679688 16401
1620698383833 682.6900024414062 16501
1620698383985 660.8023071289062 16601
1620698384126 708.1599731445312 16701
1620698384270 695.717041015625 16801
1620698384405 741.32470703125 16901
1620698384543 719.45068359375 17001
1620698384684 713.7491455078125 17101
1620698384825 708.0882568359375 17201
1620698384982 637.1349487304688 17301
1620698385130 673.69287109375 17401
1620698385265 740.9841918945312 17501
1620698385401 737.88818359375 17601
1620698385533 754.42822265625 17701
1620698385669 740.108154296875 17801
1620698385815 684.1376342773438 17901
1620698385962 676.635986328125 18001
1620698386104 705.8646240234375 18101
1620698386247 699.484375 18201
1620698386404 638.8857421875 18301
1620698386542 722.7247314453125 18401
1620698386679 728.0930786132812 18501
1620698386830 662.1219482421875 18601
1620698386986 643.4461669921875 18701
1620698387132 684.4569091796875 18801
1620698387273 708.96435546875 18901
1620698387421 672.4852294921875 19001
1620698387572 665.385498046875 19101
1620698387714 703.1146850585938 19201
1620698387862 674.9493408203125 19301
1620698388008 685.5252685546875 19401
1620698388134 792.6148681640625 19501
1620698388274 718.0675048828125 19601
1620698388467 517.7059936523438 19701
1620698388654 535.0335083007812 19801
1620698388815 620.6363525390625 19901
