1620698092784 2.5130367279052734 1
1620698092983 1.8103623390197754 101
1620698093131 1.8233850002288818 201
1620698093290 1.620981216430664 301
1620698093429 1.5756278038024902 401
1620698093567 1.4376722574234009 501
1620698093700 1.3677873611450195 601
1620698093841 1.3816094398498535 701
1620698093972 1.299328327178955 801
1620698094108 1.2598094940185547 901
1620698094251 1.2318618297576904 1001
1620698094381 1.1779000759124756 1101
1620698094500 1.1505024433135986 1201
1620698094627 1.1519556045532227 1301
1620698094757 1.1136345863342285 1401
1620698094885 1.098438024520874 1501
1620698095008 1.0673186779022217 1601
1620698095129 1.0516432523727417 1701
1620698095264 1.0436816215515137 1801
1620698095396 1.0415208339691162 1901
1620698095537 1.0017386674880981 2001
1620698095679 0.989703357219696 2101
1620698095814 0.9813616871833801 2201
1620698095951 0.9416207671165466 2301
1620698096086 0.9524545669555664 2401
1620698096220 0.9460028409957886 2501
1620698096360 0.9181144833564758 2601
1620698096510 0.9211918115615845 2701
1620698096652 0.9212623834609985 2801
1620698096787 0.8858935832977295 2901
1620698096921 0.8899686932563782 3001
1620698097054 0.8722184896469116 3101
1620698097185 0.8711901903152466 3201
1620698097346 0.8591554760932922 3301
1620698097479 0.8527297973632812 3401
1620698097616 0.8459942936897278 3501
1620698097757 0.8377569913864136 3601
1620698097889 0.8297604322433472 3701
1620698098031 0.8186639547348022 3801
1620698098169 0.8050788640975952 3901
1620698098313 0.7962250709533691 4001
1620698098449 0.78965824842453 4101
1620698098591 0.7931327819824219 4201
1620698098730 0.7808359861373901 4301
1620698098865 0.76864093542099 4401
1620698098994 0.7757977247238159 4501
1620698099121 0.7734326124191284 4601
1620698099277 0.7529191374778748 4701
1620698099434 0.7560182809829712 4801
1620698099578 0.7457584142684937 4901
1620698099712 0.7535346746444702 5001
1620698099848 0.7424293160438538 5101
1620698099988 0.7228085994720459 5201
1620698100175 0.7252967357635498 5301
1620698100352 0.7274622321128845 5401
1620698100507 0.7122272849082947 5501
1620698100670 0.7035059928894043 5601
1620698100832 0.7167831659317017 5701
1620698101011 0.7015607357025146 5801
1620698101191 0.6876289248466492 5901
1620698101407 0.6848970055580139 6001
1620698101643 0.6869643926620483 6101
1620698101849 0.6793851256370544 6201
1620698102005 0.6727368235588074 6301
1620698102146 0.6685612201690674 6401
1620698102286 0.6773205995559692 6501
1620698102427 0.669464111328125 6601
1620698102564 0.6499499082565308 6701
1620698102700 0.641798198223114 6801
1620698102842 0.6565256118774414 6901
1620698102981 0.6543363332748413 7001
1620698103114 0.6261364817619324 7101
1620698103248 0.6460708975791931 7201
1620698103400 0.6381754875183105 7301
1620698103544 0.6166239380836487 7401
1620698103685 0.630142867565155 7501
1620698103834 0.6389604806900024 7601
1620698103977 0.6282751560211182 7701
1620698104120 0.6198112964630127 7801
1620698104256 0.615204930305481 7901
1620698104403 0.6383405923843384 8001
1620698104533 0.6071746349334717 8101
1620698104679 0.6057941913604736 8201
1620698104831 0.5852359533309937 8301
1620698105009 0.595377504825592 8401
1620698105176 0.5921453237533569 8501
1620698105326 0.575617790222168 8601
1620698105466 0.5924349427223206 8701
1620698105615 0.5860693454742432 8801
1620698105755 0.5703792572021484 8901
1620698105886 0.5748365521430969 9001
1620698106029 0.5504118800163269 9101
1620698106172 0.5556693077087402 9201
1620698106329 0.5666999816894531 9301
1620698106482 0.5467249751091003 9401
1620698106655 0.5233197808265686 9501
1620698106826 0.557741641998291 9601
1620698106976 0.5549498200416565 9701
1620698107118 0.5475568771362305 9801
1620698107269 0.5621798038482666 9901
1620698108094 0.6161882877349854 10000
