1620785410024 0.9642500281333923 1
1620785412674 0.98089998960495 3
1620785415352 0.9879500269889832 5
1620785418032 0.9928500056266785 7
1620785420638 0.994866669178009 9
1620785423328 0.9961333274841309 11
1620785426161 0.9960833191871643 13
1620785429167 0.9973166584968567 15
1620785431865 0.99795001745224 17
1620785434687 0.9974166750907898 19
1620785437384 0.996916651725769 21
1620785440107 0.9984833598136902 23
1620785442752 0.9999666810035706 25
1620785445448 1.0 27
1620785448165 1.0 29
1620785450921 1.0 31
1620785453652 0.9934666752815247 33
1620785456328 0.9994999766349792 35
1620785459138 1.0 37
1620785461844 1.0 39
1620785464484 1.0 41
1620785467105 1.0 43
1620785469941 1.0 45
1620785472656 0.996233344078064 47
1620785475305 0.9995499849319458 49
1620785477889 0.9999499917030334 51
1620785480507 1.0 53
1620785483135 1.0 55
1620785485744 1.0 57
1620785488217 1.0 59
1620785491007 1.0 61
1620785493560 0.9926666617393494 63
1620785496151 0.9995833039283752 65
1620785498666 0.9998833537101746 67
1620785501260 1.0 69
1620785503843 1.0 71
1620785506419 1.0 73
1620785509024 1.0 75
1620785511692 1.0 77
1620785514382 1.0 79
1620785516977 1.0 81
1620785519518 1.0 83
1620785522280 0.996916651725769 85
1620785524957 0.9981499910354614 87
1620785527535 0.9998499751091003 89
1620785530167 0.9983166456222534 91
1620785532751 0.9983500242233276 93
1620785535386 0.9989166855812073 95
1620785537981 0.9991333484649658 97
1620785540517 0.9984166622161865 99
