1620785410024 0.12002377957105637 1
1620785412674 0.06308893859386444 3
1620785415352 0.03962785378098488 5
1620785418032 0.02504991926252842 7
1620785420638 0.017582448199391365 9
1620785423328 0.01277659647166729 11
1620785426161 0.012695099227130413 13
1620785429167 0.008347074501216412 15
1620785431865 0.006598496809601784 17
1620785434687 0.00811860803514719 19
1620785437384 0.009229124523699284 21
1620785440107 0.005084360018372536 23
1620785442752 0.0004606657021213323 25
1620785445448 0.00018028810154646635 27
1620785448165 0.00012334756320342422 29
1620785450921 9.102093463297933e-05 31
1620785453652 0.020081905648112297 33
1620785456328 0.0016674658982083201 35
1620785459138 0.00013642247358802706 37
1620785461844 9.01277016964741e-05 39
1620785464484 7.02649776940234e-05 41
1620785467105 5.540286656469107e-05 43
1620785469941 4.338161670602858e-05 45
1620785472656 0.013178178109228611 47
1620785475305 0.001833246904425323 49
1620785477889 0.0002597188577055931 51
1620785480507 5.826413325848989e-05 53
1620785483135 4.35264446423389e-05 55
1620785485744 3.348026439198293e-05 57
1620785488217 2.60398410318885e-05 59
1620785491007 1.947776399902068e-05 61
1620785493560 0.026411330327391624 63
1620785496151 0.0015832294011488557 65
1620785498666 0.0005344829987734556 67
1620785501260 5.0232305511599407e-05 69
1620785503843 3.1086645321920514e-05 71
1620785506419 2.340357968932949e-05 73
1620785509024 1.7708267478155904e-05 75
1620785511692 1.3358470823732205e-05 77
1620785514382 1.0328709322493523e-05 79
1620785516977 7.668859325349331e-06 81
1620785519518 6.6952961788047105e-06 83
1620785522280 0.009758356027305126 85
1620785524957 0.005674593150615692 87
1620785527535 0.0005406762356869876 89
1620785530167 0.0049989898689091206 91
1620785532751 0.0050412751734256744 93
1620785535386 0.0040130517445504665 95
1620785537981 0.0024589807726442814 97
1620785540517 0.004376089200377464 99
