1620697880309 476.5030822753906 101
1620697880450 709.56884765625 201
1620697880592 703.7765502929688 301
1620697880724 757.569091796875 401
1620697880864 716.4447631835938 501
1620697881022 632.7013549804688 601
1620697881167 690.7774658203125 701
1620697881300 747.072509765625 801
1620697881442 706.9830322265625 901
1620697881586 695.040283203125 1001
1620697881752 600.7327270507812 1101
1620697881933 552.890380859375 1201
1620697882083 667.6776123046875 1301
1620697882215 757.3858032226562 1401
1620697882361 682.140380859375 1501
1620697882501 718.4364624023438 1601
1620697882640 716.5451049804688 1701
1620697882779 719.4420776367188 1801
1620697882922 701.185791015625 1901
1620697883057 739.0205688476562 2001
1620697883192 741.442626953125 2101
1620697883325 751.2486572265625 2201
1620697883457 755.3956298828125 2301
1620697883593 738.5638427734375 2401
1620697883721 781.5322875976562 2501
1620697883858 733.1456298828125 2601
1620697883994 732.6282348632812 2701
1620697884124 766.3894653320312 2801
1620697884257 752.6493530273438 2901
1620697884390 753.536376953125 3001
1620697884521 760.3583374023438 3101
1620697884653 760.6603393554688 3201
1620697884784 759.8018798828125 3301
1620697884936 661.055419921875 3401
1620697885069 750.1992797851562 3501
1620697885204 739.0948486328125 3601
1620697885347 698.2290649414062 3701
1620697885513 603.4674682617188 3801
1620697885657 692.5670776367188 3901
1620697885798 713.3825073242188 4001
1620697885970 579.43017578125 4101
1620697886138 598.03125 4201
1620697886323 540.4237060546875 4301
1620697886497 574.244384765625 4401
1620697886657 622.9528198242188 4501
1620697886793 735.5782470703125 4601
1620697886947 649.7780151367188 4701
1620697887111 610.70947265625 4801
1620697887338 439.4550476074219 4901
