1620698360982 0.3648437559604645 1
1620698361184 0.3648437559604645 101
1620698361326 0.36015623807907104 201
1620698361454 0.33203125 301
1620698361582 0.3109374940395355 401
1620698361708 0.27265626192092896 501
1620698361851 0.26875001192092896 601
1620698361981 0.26640623807907104 701
1620698362105 0.26640623807907104 801
1620698362233 0.26171875 901
1620698362356 0.26171875 1001
1620698362478 0.26093751192092896 1101
1620698362599 0.26093751192092896 1201
1620698362724 0.2632812559604645 1301
1620698362867 0.2593750059604645 1401
1620698363001 0.2601562440395355 1501
1620698363132 0.26249998807907104 1601
1620698363270 0.25468748807907104 1701
1620698363399 0.25859373807907104 1801
1620698363523 0.2632812559604645 1901
1620698363646 0.25859373807907104 2001
1620698363787 0.2562499940395355 2101
1620698363937 0.2601562440395355 2201
1620698364077 0.2562499940395355 2301
1620698364218 0.25703126192092896 2401
1620698364350 0.2578125 2501
1620698364481 0.2515625059604645 2601
1620698364622 0.2554687559604645 2701
1620698364766 0.2578125 2801
1620698364960 0.25859373807907104 2901
1620698365125 0.2562499940395355 3001
1620698365283 0.25468748807907104 3101
1620698365431 0.25390625 3201
1620698365573 0.2562499940395355 3301
1620698365724 0.25468748807907104 3401
1620698365888 0.2593750059604645 3501
1620698366035 0.2554687559604645 3601
1620698366176 0.25859373807907104 3701
1620698366316 0.2578125 3801
1620698366439 0.25703126192092896 3901
1620698366559 0.2523437440395355 4001
1620698366679 0.26093751192092896 4101
1620698366812 0.25703126192092896 4201
1620698366950 0.2562499940395355 4301
1620698367086 0.25312501192092896 4401
1620698367220 0.2578125 4501
1620698367360 0.25390625 4601
1620698367500 0.2578125 4701
1620698367640 0.2578125 4801
1620698367781 0.26093751192092896 4901
1620698367928 0.2523437440395355 5001
1620698368068 0.25703126192092896 5101
1620698368200 0.2593750059604645 5201
1620698368329 0.25468748807907104 5301
1620698368460 0.2562499940395355 5401
1620698368593 0.25703126192092896 5501
1620698368731 0.2601562440395355 5601
1620698368875 0.25859373807907104 5701
1620698369006 0.2562499940395355 5801
1620698369135 0.24921874701976776 5901
1620698369273 0.25703126192092896 6001
1620698369407 0.2578125 6101
1620698369545 0.2523437440395355 6201
1620698369683 0.2593750059604645 6301
1620698369837 0.25703126192092896 6401
1620698369978 0.2601562440395355 6501
1620698370110 0.25859373807907104 6601
1620698370247 0.2593750059604645 6701
1620698370378 0.26093751192092896 6801
1620698370509 0.26093751192092896 6901
1620698370641 0.2671875059604645 7001
1620698370791 0.26953125 7101
1620698370957 0.26171875 7201
1620698371105 0.2640624940395355 7301
1620698371256 0.27265626192092896 7401
1620698371411 0.2632812559604645 7501
1620698371544 0.2671875059604645 7601
1620698371679 0.26249998807907104 7701
1620698371827 0.265625 7801
1620698371966 0.2710937559604645 7901
1620698372105 0.2718749940395355 8001
1620698372237 0.26640623807907104 8101
1620698372369 0.27265626192092896 8201
1620698372505 0.2734375 8301
1620698372638 0.26953125 8401
1620698372777 0.2718749940395355 8501
1620698372920 0.2640624940395355 8601
1620698373056 0.2710937559604645 8701
1620698373188 0.27265626192092896 8801
1620698373327 0.27421873807907104 8901
1620698373463 0.27031248807907104 9001
1620698373591 0.2671875059604645 9101
1620698373723 0.2718749940395355 9201
1620698373869 0.27031248807907104 9301
1620698374006 0.2734375 9401
1620698374137 0.27265626192092896 9501
1620698374268 0.2750000059604645 9601
1620698374402 0.27265626192092896 9701
1620698374538 0.27031248807907104 9801
1620698374676 0.2734375 9901
1620698374853 0.27265626192092896 10001
1620698375031 0.26953125 10101
1620698375178 0.2734375 10201
1620698375315 0.2718749940395355 10301
1620698375446 0.26953125 10401
1620698375578 0.27421873807907104 10501
1620698375714 0.26953125 10601
1620698375858 0.27421873807907104 10701
1620698375987 0.27421873807907104 10801
1620698376114 0.2750000059604645 10901
1620698376243 0.2710937559604645 11001
1620698376370 0.2757812440395355 11101
1620698376495 0.2710937559604645 11201
1620698376620 0.2710937559604645 11301
1620698376750 0.2757812440395355 11401
1620698376889 0.27421873807907104 11501
1620698377015 0.2789062559604645 11601
1620698377144 0.27734375 11701
1620698377278 0.27265626192092896 11801
1620698377410 0.2757812440395355 11901
1620698377543 0.27421873807907104 12001
1620698377678 0.27421873807907104 12101
1620698377829 0.26484376192092896 12201
1620698377971 0.28125 12301
1620698378107 0.2734375 12401
1620698378240 0.27265626192092896 12501
1620698378371 0.2710937559604645 12601
1620698378509 0.2757812440395355 12701
1620698378644 0.2718749940395355 12801
1620698378785 0.27812498807907104 12901
1620698378943 0.26875001192092896 13001
1620698379092 0.26875001192092896 13101
1620698379241 0.2734375 13201
1620698379376 0.2757812440395355 13301
1620698379512 0.27265626192092896 13401
1620698379653 0.27265626192092896 13501
1620698379800 0.2734375 13601
1620698379941 0.2710937559604645 13701
1620698380071 0.27812498807907104 13801
1620698380202 0.28046876192092896 13901
1620698380337 0.27812498807907104 14001
1620698380488 0.2796874940395355 14101
1620698380638 0.26875001192092896 14201
1620698380782 0.2734375 14301
1620698380939 0.27734375 14401
1620698381080 0.27656251192092896 14501
1620698381231 0.27421873807907104 14601
1620698381385 0.28046876192092896 14701
1620698381526 0.2718749940395355 14801
1620698381676 0.2757812440395355 14901
1620698381812 0.2789062559604645 15001
1620698381964 0.28593748807907104 15101
1620698382094 0.27734375 15201
1620698382220 0.2789062559604645 15301
1620698382349 0.27734375 15401
1620698382479 0.28046876192092896 15501
1620698382608 0.2750000059604645 15601
1620698382734 0.28046876192092896 15701
1620698382878 0.28125 15801
1620698383019 0.2796874940395355 15901
1620698383154 0.2914062440395355 16001
1620698383290 0.2796874940395355 16101
1620698383422 0.2789062559604645 16201
1620698383560 0.27421873807907104 16301
1620698383690 0.27734375 16401
1620698383837 0.27656251192092896 16501
1620698383988 0.28046876192092896 16601
1620698384129 0.27656251192092896 16701
1620698384273 0.27421873807907104 16801
1620698384408 0.2750000059604645 16901
1620698384547 0.28203123807907104 17001
1620698384687 0.27812498807907104 17101
1620698384828 0.2734375 17201
1620698384986 0.27734375 17301
1620698385134 0.27656251192092896 17401
1620698385269 0.2828125059604645 17501
1620698385404 0.2828125059604645 17601
1620698385537 0.27656251192092896 17701
1620698385672 0.2750000059604645 17801
1620698385818 0.27812498807907104 17901
1620698385966 0.27812498807907104 18001
1620698386107 0.28593748807907104 18101
1620698386250 0.2789062559604645 18201
1620698386407 0.27656251192092896 18301
1620698386545 0.2718749940395355 18401
1620698386682 0.2796874940395355 18501
1620698386834 0.27734375 18601
1620698386989 0.2679687440395355 18701
1620698387135 0.27421873807907104 18801
1620698387276 0.27812498807907104 18901
1620698387425 0.2828125059604645 19001
1620698387575 0.2718749940395355 19101
1620698387717 0.27734375 19201
1620698387866 0.27812498807907104 19301
1620698388012 0.27734375 19401
1620698388138 0.2796874940395355 19501
1620698388277 0.28203123807907104 19601
1620698388473 0.2835937440395355 19701
1620698388658 0.27734375 19801
1620698388819 0.27421873807907104 19901
