1620693116013 430.26800537109375 101
1620693116158 686.4036865234375 201
1620693116298 716.0704956054688 301
1620693116437 717.8978881835938 401
1620693116587 670.4546508789062 501
1620693116732 686.5620727539062 601
1620693116967 426.487060546875 701
1620693117130 611.6008911132812 801
1620693117271 708.1026000976562 901
1620693117425 649.4379272460938 1001
1620693117639 469.0550231933594 1101
1620693117830 522.0029296875 1201
1620693118024 516.6410522460938 1301
1620693118211 533.832275390625 1401
1620693118391 556.3563842773438 1501
