1620698092784 0.5015624761581421 1
1620698092983 0.5101562738418579 101
1620698093131 0.5257812738418579 201
1620698093290 0.5453125238418579 301
1620698093429 0.546093761920929 401
1620698093567 0.5718749761581421 501
1620698093700 0.594531238079071 601
1620698093841 0.59375 701
1620698093972 0.5953124761581421 801
1620698094108 0.602343738079071 901
1620698094251 0.602343738079071 1001
1620698094381 0.600781261920929 1101
1620698094500 0.602343738079071 1201
1620698094627 0.606249988079071 1301
1620698094757 0.60546875 1401
1620698094885 0.6015625 1501
1620698095008 0.6078125238418579 1601
1620698095129 0.6070312261581421 1701
1620698095264 0.6070312261581421 1801
1620698095396 0.608593761920929 1901
1620698095537 0.620312511920929 2001
1620698095679 0.624218761920929 2101
1620698095814 0.6234375238418579 2201
1620698095951 0.6226562261581421 2301
1620698096086 0.625781238079071 2401
1620698096220 0.628125011920929 2501
1620698096360 0.629687488079071 2601
1620698096510 0.629687488079071 2701
1620698096652 0.62109375 2801
1620698096787 0.637499988079071 2901
1620698096921 0.6312500238418579 3001
1620698097054 0.635937511920929 3101
1620698097185 0.628125011920929 3201
1620698097346 0.632031261920929 3301
1620698097479 0.633593738079071 3401
1620698097616 0.6312500238418579 3501
1620698097757 0.6328125 3601
1620698097889 0.63671875 3701
1620698098031 0.63671875 3801
1620698098169 0.633593738079071 3901
1620698098313 0.6312500238418579 4001
1620698098449 0.63671875 4101
1620698098591 0.6351562738418579 4201
1620698098730 0.6304687261581421 4301
1620698098865 0.6328125 4401
1620698098994 0.632031261920929 4501
1620698099121 0.632031261920929 4601
1620698099277 0.63671875 4701
1620698099434 0.635937511920929 4801
1620698099578 0.635937511920929 4901
1620698099712 0.625781238079071 5001
1620698099848 0.6351562738418579 5101
1620698099988 0.63671875 5201
1620698100175 0.639843761920929 5301
1620698100352 0.633593738079071 5401
1620698100507 0.637499988079071 5501
1620698100670 0.6382812261581421 5601
1620698100832 0.6328125 5701
1620698101011 0.640625 5801
1620698101191 0.639843761920929 5901
1620698101407 0.6382812261581421 6001
1620698101643 0.6390625238418579 6101
1620698101849 0.6421874761581421 6201
1620698102005 0.63671875 6301
1620698102146 0.639843761920929 6401
1620698102286 0.639843761920929 6501
1620698102427 0.635937511920929 6601
1620698102564 0.633593738079071 6701
1620698102700 0.651562511920929 6801
1620698102842 0.637499988079071 6901
1620698102981 0.6351562738418579 7001
1620698103114 0.64453125 7101
1620698103248 0.637499988079071 7201
1620698103400 0.6390625238418579 7301
1620698103544 0.6468750238418579 7401
1620698103685 0.6390625238418579 7501
1620698103834 0.633593738079071 7601
1620698103977 0.6390625238418579 7701
1620698104120 0.63671875 7801
1620698104256 0.6351562738418579 7901
1620698104403 0.62890625 8001
1620698104533 0.637499988079071 8101
1620698104679 0.6390625238418579 8201
1620698104831 0.639843761920929 8301
1620698105009 0.6390625238418579 8401
1620698105176 0.6390625238418579 8501
1620698105326 0.637499988079071 8601
1620698105466 0.6343749761581421 8701
1620698105615 0.63671875 8801
1620698105755 0.6390625238418579 8901
1620698105886 0.6390625238418579 9001
1620698106029 0.6429687738418579 9101
1620698106172 0.6421874761581421 9201
1620698106329 0.6390625238418579 9301
1620698106482 0.639843761920929 9401
1620698106655 0.6460937261581421 9501
1620698106826 0.641406238079071 9601
1620698106976 0.641406238079071 9701
1620698107118 0.645312488079071 9801
1620698107269 0.640625 9901
