1620698208949 0.4000000059604645 1
1620698209137 0.4000000059604645 101
1620698209278 0.41874998807907104 201
1620698209406 0.421875 301
1620698209556 0.4195312559604645 401
1620698209704 0.421875 501
1620698209836 0.42109376192092896 601
1620698209959 0.41796875 701
1620698210078 0.4156250059604645 801
1620698210210 0.41093748807907104 901
1620698210336 0.40937501192092896 1001
1620698210472 0.40625 1101
1620698210611 0.4085937440395355 1201
1620698210738 0.40625 1301
1620698210860 0.40937501192092896 1401
1620698210981 0.40703123807907104 1501
1620698211103 0.41015625 1601
1620698211233 0.40312498807907104 1701
1620698211361 0.40546876192092896 1801
1620698211493 0.40703123807907104 1901
1620698211623 0.40546876192092896 2001
1620698211748 0.40703123807907104 2101
1620698211867 0.4046874940395355 2201
1620698211993 0.40625 2301
1620698212115 0.4046874940395355 2401
1620698212242 0.40703123807907104 2501
1620698212367 0.40546876192092896 2601
1620698212495 0.40703123807907104 2701
1620698212629 0.40625 2801
1620698212759 0.4046874940395355 2901
1620698212890 0.40703123807907104 3001
1620698213023 0.40546876192092896 3101
1620698213167 0.40546876192092896 3201
1620698213297 0.4078125059604645 3301
1620698213446 0.40703123807907104 3401
1620698213592 0.40625 3501
1620698213727 0.40625 3601
1620698213851 0.4085937440395355 3701
1620698213987 0.4078125059604645 3801
1620698214122 0.40703123807907104 3901
1620698214259 0.40703123807907104 4001
1620698214406 0.40937501192092896 4101
1620698214553 0.40703123807907104 4201
1620698214687 0.4046874940395355 4301
1620698214832 0.40937501192092896 4401
1620698215005 0.4085937440395355 4501
1620698215174 0.40703123807907104 4601
1620698215317 0.40703123807907104 4701
1620698215449 0.4085937440395355 4801
1620698215616 0.40937501192092896 4901
1620698215780 0.41015625 5001
1620698215912 0.4078125059604645 5101
1620698216043 0.4078125059604645 5201
1620698216179 0.4078125059604645 5301
1620698216317 0.4085937440395355 5401
1620698216447 0.40546876192092896 5501
1620698216585 0.40625 5601
1620698216727 0.40937501192092896 5701
1620698216865 0.40703123807907104 5801
1620698216996 0.41015625 5901
1620698217139 0.40937501192092896 6001
1620698217277 0.4085937440395355 6101
1620698217414 0.40937501192092896 6201
1620698217561 0.4085937440395355 6301
1620698217697 0.41015625 6401
1620698217835 0.4085937440395355 6501
1620698217966 0.41015625 6601
1620698218099 0.4085937440395355 6701
1620698218234 0.41093748807907104 6801
1620698218366 0.40937501192092896 6901
1620698218505 0.41093748807907104 7001
1620698218642 0.41328126192092896 7101
1620698218785 0.40937501192092896 7201
1620698218915 0.41093748807907104 7301
1620698219051 0.4117187559604645 7401
1620698219189 0.41015625 7501
1620698219322 0.4078125059604645 7601
1620698219462 0.41015625 7701
1620698219607 0.40937501192092896 7801
1620698219747 0.40937501192092896 7901
1620698219880 0.40937501192092896 8001
1620698220016 0.41015625 8101
1620698220214 0.40546876192092896 8201
1620698220382 0.40937501192092896 8301
1620698220561 0.41015625 8401
1620698220741 0.4078125059604645 8501
1620698220877 0.4085937440395355 8601
1620698221008 0.41015625 8701
1620698221141 0.40937501192092896 8801
1620698221282 0.40703123807907104 8901
1620698221413 0.4117187559604645 9001
1620698221560 0.40937501192092896 9101
1620698221709 0.41093748807907104 9201
1620698221848 0.41093748807907104 9301
1620698221978 0.4124999940395355 9401
1620698222108 0.40937501192092896 9501
1620698222246 0.4117187559604645 9601
1620698222376 0.41015625 9701
1620698222520 0.4124999940395355 9801
1620698222659 0.4117187559604645 9901
1620698222799 0.41093748807907104 10001
1620698222929 0.4164062440395355 10101
1620698223061 0.4117187559604645 10201
1620698223191 0.41093748807907104 10301
1620698223336 0.4124999940395355 10401
1620698223476 0.41093748807907104 10501
1620698223627 0.4124999940395355 10601
1620698223765 0.4124999940395355 10701
1620698223895 0.41093748807907104 10801
1620698224036 0.4140625 10901
1620698224179 0.40703123807907104 11001
1620698224317 0.4117187559604645 11101
1620698224449 0.41015625 11201
1620698224590 0.41015625 11301
1620698224728 0.41093748807907104 11401
1620698224875 0.4140625 11501
1620698225018 0.41015625 11601
1620698225162 0.41093748807907104 11701
1620698225300 0.4085937440395355 11801
1620698225437 0.40703123807907104 11901
1620698225590 0.4117187559604645 12001
1620698225738 0.41093748807907104 12101
1620698225875 0.40937501192092896 12201
1620698226006 0.41328126192092896 12301
1620698226148 0.4117187559604645 12401
1620698226292 0.4117187559604645 12501
1620698226425 0.4124999940395355 12601
1620698226566 0.4156250059604645 12701
1620698226709 0.4117187559604645 12801
1620698226844 0.4124999940395355 12901
1620698226977 0.4124999940395355 13001
1620698227109 0.4156250059604645 13101
1620698227249 0.4124999940395355 13201
1620698227392 0.41093748807907104 13301
1620698227532 0.4085937440395355 13401
1620698227675 0.41093748807907104 13501
1620698227816 0.4117187559604645 13601
1620698227951 0.4117187559604645 13701
1620698228092 0.4124999940395355 13801
1620698228225 0.4117187559604645 13901
1620698228358 0.41015625 14001
1620698228486 0.4117187559604645 14101
1620698228632 0.41015625 14201
1620698228776 0.4124999940395355 14301
1620698228908 0.4124999940395355 14401
1620698229038 0.41093748807907104 14501
1620698229174 0.4117187559604645 14601
1620698229313 0.4117187559604645 14701
1620698229442 0.41093748807907104 14801
1620698229591 0.41328126192092896 14901
1620698229736 0.4124999940395355 15001
1620698229877 0.41015625 15101
1620698230015 0.41484373807907104 15201
1620698230146 0.4117187559604645 15301
1620698230288 0.4140625 15401
1620698230423 0.4124999940395355 15501
1620698230563 0.4117187559604645 15601
1620698230702 0.4117187559604645 15701
1620698230843 0.4085937440395355 15801
1620698230983 0.41328126192092896 15901
1620698231119 0.4117187559604645 16001
1620698231260 0.4124999940395355 16101
1620698231395 0.41328126192092896 16201
1620698231542 0.41328126192092896 16301
1620698231678 0.4117187559604645 16401
1620698231807 0.41328126192092896 16501
1620698231937 0.41328126192092896 16601
1620698232067 0.41328126192092896 16701
1620698232203 0.4140625 16801
1620698232339 0.41328126192092896 16901
1620698232482 0.4140625 17001
1620698232629 0.4140625 17101
1620698232775 0.41484373807907104 17201
1620698232911 0.4140625 17301
1620698233038 0.41328126192092896 17401
1620698233163 0.4124999940395355 17501
1620698233329 0.4140625 17601
1620698233514 0.41093748807907104 17701
1620698233721 0.41484373807907104 17801
1620698233901 0.4117187559604645 17901
1620698234067 0.41093748807907104 18001
1620698234288 0.41093748807907104 18101
1620698234455 0.41093748807907104 18201
1620698234632 0.4124999940395355 18301
1620698234825 0.4140625 18401
1620698234998 0.41015625 18501
1620698235178 0.4124999940395355 18601
1620698235343 0.41015625 18701
1620698235487 0.41093748807907104 18801
1620698235635 0.4124999940395355 18901
1620698235788 0.4085937440395355 19001
1620698235933 0.4140625 19101
1620698236071 0.41328126192092896 19201
1620698236206 0.4117187559604645 19301
1620698236354 0.41093748807907104 19401
1620698236501 0.4124999940395355 19501
1620698236647 0.41015625 19601
1620698236810 0.4140625 19701
1620698236966 0.4117187559604645 19801
1620698237111 0.41093748807907104 19901
