1620690980082 0.699999988079071 1
1620690980265 0.699999988079071 101
1620690980375 0.699999988079071 201
1620690980485 0.699999988079071 301
1620690980591 0.699999988079071 401
1620690980723 0.699999988079071 501
1620690980867 0.699999988079071 601
1620690980971 0.699999988079071 701
1620690981073 0.699999988079071 801
1620690981182 0.699999988079071 901
1620690981283 0.699999988079071 1001
1620690981380 0.699999988079071 1101
1620690981472 0.699999988079071 1201
1620690981565 0.699999988079071 1301
1620690981652 0.699999988079071 1401
1620690981765 0.699999988079071 1501
1620690981877 0.699999988079071 1601
1620690981976 0.699999988079071 1701
1620690982072 0.699999988079071 1801
1620690982165 0.699999988079071 1901
