1620872104908 0.9627000093460083 1
1620872107615 0.9806666374206543 3
1620872110263 0.9883166551589966 5
1620872113017 0.9922166466712952 7
1620872115747 0.9949333071708679 9
1620872118491 0.9967833161354065 11
1620872121377 0.9954333305358887 13
1620872124469 0.9978166818618774 15
1620872127702 0.9987666606903076 17
1620872130907 0.996916651725769 19
1620872134269 0.9980166554450989 21
1620872137184 0.9987499713897705 23
1620872140551 0.9975166916847229 25
1620872144046 0.9992833137512207 27
1620872147346 0.996666669845581 29
1620872150743 0.9993166923522949 31
1620872153663 0.9991000294685364 33
1620872156681 0.9980166554450989 35
1620872159601 0.9979000091552734 37
1620872162660 0.9999833106994629 39
1620872165480 1.0 41
1620872168262 1.0 43
1620872170949 1.0 45
1620872173707 1.0 47
1620872176466 0.9918333292007446 49
1620872179137 0.9996166825294495 51
1620872181891 0.9997666478157043 53
1620872184649 0.9971833229064941 55
1620872187429 0.999666690826416 57
1620872190493 0.999666690826416 59
1620872193365 0.9979666471481323 61
1620872196211 0.9985499978065491 63
1620872198828 0.9998999834060669 65
1620872201684 1.0 67
1620872204443 1.0 69
1620872207370 1.0 71
1620872210072 1.0 73
1620872212873 1.0 75
1620872215612 1.0 77
1620872218315 1.0 79
1620872221110 1.0 81
1620872223881 1.0 83
1620872226640 0.9987666606903076 85
1620872229495 0.999916672706604 87
1620872232378 1.0 89
1620872235209 1.0 91
1620872238019 1.0 93
1620872240806 1.0 95
1620872243577 1.0 97
1620872246328 1.0 99
1620872249030 1.0 101
1620872252090 1.0 103
1620872255133 1.0 105
1620872257956 1.0 107
1620872260831 1.0 109
1620872263506 1.0 111
1620872266199 1.0 113
1620872269081 1.0 115
1620872271922 0.9937666654586792 117
1620872274663 0.9998499751091003 119
1620872277446 0.999750018119812 121
1620872280293 0.9975166916847229 123
1620872283087 0.9990500211715698 125
1620872285869 0.9994833469390869 127
1620872288583 0.9987000226974487 129
1620872291471 0.9993166923522949 131
1620872294272 0.9987666606903076 133
1620872297124 0.9992166757583618 135
1620872299877 0.9996500015258789 137
1620872302680 0.9984833598136902 139
1620872305479 0.9995999932289124 141
1620872308245 0.9990833401679993 143
1620872311187 0.9993666410446167 145
1620872314104 0.9992666840553284 147
1620872316877 0.9991666674613953 149
1620872319634 0.9993000030517578 151
1620872322391 0.999750018119812 153
1620872325076 0.9988166689872742 155
1620872327685 0.9992166757583618 157
1620872330397 0.9997166395187378 159
1620872333079 0.9992499947547913 161
1620872335920 0.999833345413208 163
1620872338777 0.9998166561126709 165
1620872341494 0.9984999895095825 167
1620872344213 0.9999333620071411 169
1620872346869 1.0 171
1620872349516 1.0 173
1620872352257 1.0 175
1620872354911 1.0 177
1620872357587 1.0 179
1620872360183 1.0 181
1620872362798 1.0 183
1620872365536 1.0 185
1620872368266 1.0 187
1620872370971 1.0 189
1620872373976 1.0 191
1620872376610 1.0 193
1620872379438 1.0 195
1620872382129 1.0 197
1620872385027 1.0 199
