1620872104908 0.1279202401638031 1
1620872107615 0.06528095155954361 3
1620872110263 0.039545297622680664 5
1620872113017 0.026197921484708786 7
1620872115747 0.017030414193868637 9
1620872118491 0.011252747848629951 11
1620872121377 0.01390115823596716 13
1620872124469 0.007316828705370426 15
1620872127702 0.005023880396038294 17
1620872130907 0.0086405910551548 19
1620872134269 0.005927483085542917 21
1620872137184 0.004362957552075386 23
1620872140551 0.007319591473788023 25
1620872144046 0.0024420234840363264 27
1620872147346 0.00970768928527832 29
1620872150743 0.0024505278561264277 31
1620872153663 0.002699838951230049 33
1620872156681 0.006210917141288519 35
1620872159601 0.006408089306205511 37
1620872162660 0.00028344590100459754 39
1620872165480 5.099762711324729e-05 41
1620872168262 3.77302203560248e-05 43
1620872170949 2.9478213036782108e-05 45
1620872173707 2.2379006622941233e-05 47
1620872176466 0.03412003070116043 49
1620872179137 0.0012906313640996814 51
1620872181891 0.0008745660888962448 53
1620872184649 0.008628051728010178 55
1620872187429 0.0010846401564776897 57
1620872190493 0.0011120743583887815 59
1620872193365 0.00626633083447814 61
1620872196211 0.005267198663204908 63
1620872198828 0.00039766530971974134 65
1620872201684 2.1934187316219322e-05 67
1620872204443 1.4950336662877817e-05 69
1620872207370 1.1344112863298506e-05 71
1620872210072 8.7157022790052e-06 73
1620872212873 6.781181582482532e-06 75
1620872215612 5.212645646679448e-06 77
1620872218315 3.994259714090731e-06 79
1620872221110 3.024770421689027e-06 81
1620872223881 2.3437753498001257e-06 83
1620872226640 0.004002467263489962 85
1620872229495 0.0004226916644256562 87
1620872232378 4.216980596538633e-05 89
1620872235209 1.3725298231292982e-05 91
1620872238019 1.0203395504504442e-05 93
1620872240806 7.79812762630172e-06 95
1620872243577 6.066698006179649e-06 97
1620872246328 4.721778168459423e-06 99
1620872249030 3.6420210562937427e-06 101
1620872252090 2.7225219128013123e-06 103
1620872255133 2.1098235265526455e-06 105
1620872257956 1.6245644474111032e-06 107
1620872260831 1.2612147202162305e-06 109
1620872263506 8.08885545211524e-07 111
1620872266199 5.838612082698091e-07 113
1620872269081 4.197502505576267e-07 115
1620872271922 0.030118972063064575 117
1620872274663 0.0005350305582396686 119
1620872277446 0.0008441718528047204 121
1620872280293 0.008485198952257633 123
1620872283087 0.003453408367931843 125
1620872285869 0.0014274369459599257 127
1620872288583 0.004414705093950033 129
1620872291471 0.0024966662749648094 131
1620872294272 0.004001611843705177 133
1620872297124 0.0029400468338280916 135
1620872299877 0.0010390161769464612 137
1620872302680 0.005193280056118965 139
1620872305479 0.0017750812694430351 141
1620872308245 0.0036568643990904093 143
1620872311187 0.0021073955576866865 145
1620872314104 0.002717349212616682 147
1620872316877 0.0033774052280932665 149
1620872319634 0.00311297457665205 151
1620872322391 0.0009342473349533975 153
1620872325076 0.004552179481834173 155
1620872327685 0.002508140169084072 157
1620872330397 0.0011795972241088748 159
1620872333079 0.0031575190369039774 161
1620872335920 0.0004281135043129325 163
1620872338777 0.0006244279211387038 165
1620872341494 0.00581352086737752 167
1620872344213 0.0003011825610883534 169
1620872346869 4.32390652349568e-06 171
1620872349516 1.816169287849334e-06 173
1620872352257 1.3152347264622222e-06 175
1620872354911 9.811082009036909e-07 177
1620872357587 7.427555601680069e-07 179
1620872360183 5.629356678582553e-07 181
1620872362798 4.300468958717829e-07 183
1620872365536 3.277953055658145e-07 185
1620872368266 2.499604931927024e-07 187
1620872370971 1.8867969231450843e-07 189
1620872373976 1.4229470934878918e-07 191
1620872376610 1.0676511408291844e-07 193
1620872379438 7.944274216242775e-08 195
1620872382129 5.956475845891873e-08 197
1620872385027 4.527561614509068e-08 199
