1620855889444 0.962933361530304 1
1620855892650 0.9808666706085205 3
1620855895956 0.9873666763305664 5
1620855898887 0.9916999936103821 7
1620855902909 0.9946833252906799 9
1620855906509 0.9958833456039429 11
1620855909881 0.9964166879653931 13
1620855913515 0.9983999729156494 15
1620855917486 0.9965333342552185 17
1620855921020 0.9982166886329651 19
1620855923830 0.9989500045776367 21
1620855926437 0.9970166683197021 23
1620855928998 0.9987833499908447 25
1620855931613 1.0 27
1620855934192 1.0 29
1620855936707 1.0 31
1620855939255 1.0 33
1620855941672 1.0 35
1620855944277 0.9969499707221985 37
1620855946735 0.9991166591644287 39
1620855949411 1.0 41
1620855952097 1.0 43
1620855954493 1.0 45
1620855957042 1.0 47
1620855959580 1.0 49
1620855962310 0.9911666512489319 51
1620855964904 0.9991166591644287 53
1620855967383 0.9992166757583618 55
1620855969852 0.998199999332428 57
1620855972420 0.999833345413208 59
1620855974913 0.9974333047866821 61
1620855977389 0.9996500015258789 63
1620855979977 0.9980166554450989 65
1620855982573 0.9990833401679993 67
1620855985142 0.9991000294685364 69
1620855987679 0.9980666637420654 71
1620855990223 0.9997000098228455 73
1620855992742 1.0 75
1620855995287 1.0 77
1620855997944 1.0 79
1620856000439 1.0 81
1620856002953 1.0 83
1620856005425 1.0 85
1620856007952 1.0 87
1620856010478 1.0 89
1620856012946 1.0 91
1620856015265 1.0 93
1620856017754 0.9951833486557007 95
1620856020349 0.9995333552360535 97
1620856023104 0.9989833235740662 99
