1620855889444 0.12588074803352356 1
1620855892650 0.06481698155403137 3
1620855895956 0.040569107979536057 5
1620855898887 0.027435779571533203 7
1620855902909 0.01860284060239792 9
1620855906509 0.01289796456694603 11
1620855909881 0.011661608703434467 13
1620855913515 0.006321688182651997 15
1620855917486 0.010357041843235493 17
1620855921020 0.005590564571321011 19
1620855923830 0.004172819666564465 21
1620855926437 0.009313948452472687 23
1620855928998 0.003843876998871565 25
1620855931613 0.00026522509870119393 27
1620855934192 0.00013171182945370674 29
1620855936707 9.655331814428791e-05 31
1620855939255 7.912261207820848e-05 33
1620855941672 6.358382233884186e-05 35
1620855944277 0.009676429443061352 37
1620855946735 0.0024040990974754095 39
1620855949411 0.00014435559569392353 41
1620855952097 7.280406862264499e-05 43
1620855954493 5.486633017426357e-05 45
1620855957042 4.2175281123491004e-05 47
1620855959580 3.257213393226266e-05 49
1620855962310 0.03335999324917793 51
1620855964904 0.0023377081379294395 53
1620855967383 0.0026733374688774347 55
1620855969852 0.005749445408582687 57
1620855972420 0.0004790528619196266 59
1620855974913 0.00768643943592906 61
1620855977389 0.0010675368830561638 63
1620855979977 0.006780561525374651 65
1620855982573 0.0028282389976084232 67
1620855985142 0.0032884373795241117 69
1620855987679 0.0058356537483632565 71
1620855990223 0.0015139799797907472 73
1620855992742 6.755471986252815e-05 75
1620855995287 1.4338915207190439e-05 77
1620855997944 1.0199893949902616e-05 79
1620856000439 7.878540600358974e-06 81
1620856002953 6.155874871183187e-06 83
1620856005425 4.770812211063458e-06 85
1620856007952 3.6971000554331113e-06 87
1620856010478 2.8820568331866525e-06 89
1620856012946 2.183353217333206e-06 91
1620856015265 1.6381425211875467e-06 93
1620856017754 0.019961578771471977 95
1620856020349 0.0012955917045474052 97
1620856023104 0.0030866567976772785 99
