1620695876663 0.30000001192092896 1
1620695876853 0.30000001192092896 101
1620695876999 0.30000001192092896 201
1620695877155 0.30000001192092896 301
1620695877307 0.30000001192092896 401
1620695877464 0.30000001192092896 501
1620695877603 0.30000001192092896 601
1620695877737 0.30000001192092896 701
1620695877877 0.30000001192092896 801
1620695878019 0.30000001192092896 901
1620695878186 0.30000001192092896 1001
1620695878329 0.30000001192092896 1101
1620695878474 0.30000001192092896 1201
1620695878644 0.30000001192092896 1301
1620695878782 0.30000001192092896 1401
1620695878921 0.30000001192092896 1501
1620695879076 0.30000001192092896 1601
1620695879224 0.30000001192092896 1701
1620695879355 0.30000001192092896 1801
1620695879494 0.3046875 1901
1620695879636 0.30859375 2001
1620695879777 0.30859375 2101
1620695879919 0.31171876192092896 2201
1620695880066 0.31562501192092896 2301
