1620697880100 1.162668228149414 1
1620697880313 1.1010767221450806 101
1620697880454 1.079754114151001 201
1620697880596 1.0572710037231445 301
1620697880727 1.0479397773742676 401
1620697880867 1.0274198055267334 501
1620697881025 1.018770456314087 601
1620697881170 1.001809000968933 701
1620697881304 1.003990650177002 801
1620697881445 0.9836996793746948 901
1620697881590 0.9687546491622925 1001
1620697881756 0.9555974006652832 1101
1620697881937 0.9536247253417969 1201
1620697882086 0.9272540807723999 1301
1620697882218 0.9205458760261536 1401
1620697882365 0.9229190945625305 1501
1620697882504 0.9118219614028931 1601
1620697882643 0.8939043283462524 1701
1620697882782 0.8859230279922485 1801
1620697882925 0.8790479898452759 1901
1620697883061 0.8834266662597656 2001
1620697883195 0.867450475692749 2101
1620697883328 0.8457493782043457 2201
1620697883461 0.8314881920814514 2301
1620697883596 0.8404507637023926 2401
1620697883724 0.8317251205444336 2501
1620697883862 0.8276764154434204 2601
1620697883997 0.8321220874786377 2701
1620697884127 0.8028759360313416 2801
1620697884260 0.8253816366195679 2901
1620697884394 0.7921429872512817 3001
1620697884524 0.806700587272644 3101
1620697884656 0.7888723015785217 3201
1620697884788 0.7692263126373291 3301
1620697884939 0.7738262414932251 3401
1620697885072 0.7867573499679565 3501
1620697885208 0.7523122429847717 3601
1620697885352 0.7627266049385071 3701
1620697885517 0.763929545879364 3801
1620697885661 0.737770676612854 3901
1620697885801 0.7335361838340759 4001
1620697885974 0.7187036275863647 4101
1620697886142 0.7208691835403442 4201
1620697886327 0.7303674221038818 4301
1620697886501 0.6823747158050537 4401
1620697886661 0.6998922228813171 4501
1620697886797 0.6967551708221436 4601
1620697886951 0.7317529916763306 4701
1620697887115 0.6860567331314087 4801
1620697887344 0.6896427869796753 4901
1620697888178 0.7854381203651428 5000
