1620714725913 0.9193166494369507 0
1620714728430 0.9744666814804077 2
1620714730889 0.9848333597183228 4
1620714733283 0.9904500246047974 6
1620714735809 0.9934333562850952 8
1620714738235 0.9954166412353516 10
1620714740705 0.9968500137329102 12
1620714743259 0.997083306312561 14
1620714745684 0.9976166486740112 16
1620714748181 0.9978333115577698 18
1620714750641 0.9972666501998901 20
1620714753197 0.9995166659355164 22
1620714755715 0.9959999918937683 24
1620714758121 0.9989166855812073 26
1620714760597 0.9973000288009644 28
1620714763116 0.9997833371162415 30
1620714765664 0.9978500008583069 32
1620714768151 0.9986000061035156 34
1620714770622 0.999666690826416 36
1620714773175 1.0 38
1620714775775 1.0 40
1620714778449 1.0 42
1620714781016 1.0 44
1620714783438 1.0 46
1620714785936 0.9959499835968018 48
1620714788408 0.999750018119812 50
1620714790861 1.0 52
1620714793302 1.0 54
1620714795693 1.0 56
1620714798168 1.0 58
1620714800706 1.0 60
1620714803122 1.0 62
1620714805594 1.0 64
1620714808518 0.9985666871070862 66
1620714811385 0.9987000226974487 68
1620714814034 0.9990500211715698 70
1620714816487 0.9983000159263611 72
1620714819063 0.9998499751091003 74
1620714821568 0.9992166757583618 76
1620714824092 0.9991166591644287 78
1620714826439 0.9983999729156494 80
1620714828845 0.9989666938781738 82
1620714831383 0.9994333386421204 84
1620714834063 0.9987999796867371 86
1620714836586 0.9991000294685364 88
1620714839276 0.9996166825294495 90
1620714841954 0.9996333122253418 92
1620714844393 0.9980833530426025 94
1620714846782 0.9998833537101746 96
1620714849262 0.9995833039283752 98
