1620714725913 0.2811505198478699 0
1620714728430 0.08583458513021469 2
1620714730889 0.049935728311538696 4
1620714733283 0.03150120750069618 6
1620714735809 0.021639512851834297 8
1620714738235 0.014854243956506252 10
1620714740705 0.01084814965724945 12
1620714743259 0.009686014614999294 14
1620714745684 0.008047729730606079 16
1620714748181 0.006644283886998892 18
1620714750641 0.008439627476036549 20
1620714753197 0.002303467830643058 22
1620714755715 0.011681064032018185 24
1620714758121 0.0032940690871328115 26
1620714760597 0.007600422482937574 28
1620714763116 0.0010480056516826153 30
1620714765664 0.006022983230650425 32
1620714768151 0.0039102970622479916 34
1620714770622 0.0010910362470895052 36
1620714773175 7.483724766643718e-05 38
1620714775775 4.934527532896027e-05 40
1620714778449 3.7793597584823146e-05 42
1620714781016 2.909367685788311e-05 44
1620714783438 2.2331823856802657e-05 46
1620714785936 0.012912324629724026 48
1620714788408 0.000974338676314801 50
1620714790861 6.626595131820068e-05 52
1620714793302 4.1369901737198234e-05 54
1620714795693 3.141237175441347e-05 56
1620714798168 2.3831733415136114e-05 58
1620714800706 1.8359591194894165e-05 60
1620714803122 1.3871163901058026e-05 62
1620714805594 1.2126057299610693e-05 64
1620714808518 0.004483164753764868 66
1620714811385 0.0044115097261965275 68
1620714814034 0.003117740387097001 70
1620714816487 0.005962367169559002 72
1620714819063 0.0007710119243711233 74
1620714821568 0.0025065159425139427 76
1620714824092 0.0027149126399308443 78
1620714826439 0.004933066666126251 80
1620714828845 0.0035311870742589235 82
1620714831383 0.0021891596261411905 84
1620714834063 0.004308903124183416 86
1620714836586 0.0023921383544802666 88
1620714839276 0.0013526960974559188 90
1620714841954 0.00100059830583632 92
1620714844393 0.005907559767365456 94
1620714846782 0.0003874400572385639 96
1620714849262 0.0015118919545784593 98
