1620698208949 0.0 1
1620698209137 0.0 101
1620698209278 0.0 201
1620698209406 0.0 301
1620698209556 0.0 401
1620698209704 0.0 501
1620698209836 0.0 601
1620698209959 0.0 701
1620698210078 0.0 801
1620698210210 0.0 901
1620698210336 0.0 1001
1620698210472 0.0 1101
1620698210611 0.0 1201
1620698210738 0.0 1301
1620698210860 0.0 1401
1620698210981 0.0 1501
1620698211103 0.0 1601
1620698211233 0.0 1701
1620698211361 0.0 1801
1620698211493 0.0 1901
1620698211623 0.0 2001
1620698211748 0.0 2101
1620698211867 0.0 2201
1620698211993 0.0 2301
1620698212115 0.0 2401
1620698212242 0.0 2501
1620698212367 0.0 2601
1620698212495 0.0 2701
1620698212629 0.0 2801
1620698212759 0.0 2901
1620698212890 0.0 3001
1620698213023 0.0 3101
1620698213167 0.0 3201
1620698213297 0.0 3301
1620698213446 0.0 3401
1620698213592 0.0 3501
1620698213727 0.0 3601
1620698213851 0.0 3701
1620698213987 0.0 3801
1620698214122 0.0 3901
1620698214259 0.0 4001
1620698214406 0.0 4101
1620698214553 0.0 4201
1620698214687 0.0 4301
1620698214832 0.0 4401
1620698215005 0.0 4501
1620698215174 0.0 4601
1620698215317 0.0 4701
1620698215449 0.0 4801
1620698215616 0.0 4901
1620698215780 0.0 5001
1620698215912 0.0 5101
1620698216043 0.0 5201
1620698216179 0.0 5301
1620698216317 0.0 5401
1620698216447 0.0 5501
1620698216585 0.0 5601
1620698216727 0.0 5701
1620698216865 0.0 5801
1620698216996 0.0 5901
1620698217139 0.0 6001
1620698217277 0.0 6101
1620698217414 0.0 6201
1620698217561 0.0 6301
1620698217697 0.0 6401
1620698217835 0.0 6501
1620698217966 0.0 6601
1620698218099 0.0 6701
1620698218234 0.0 6801
1620698218366 0.0 6901
1620698218505 0.0 7001
1620698218642 0.0 7101
1620698218785 0.0 7201
1620698218915 0.0 7301
1620698219051 0.0 7401
1620698219189 0.0 7501
1620698219322 0.0 7601
1620698219462 0.0 7701
1620698219607 0.0 7801
1620698219747 0.0 7901
1620698219880 0.0 8001
1620698220016 0.0 8101
1620698220214 0.0 8201
1620698220382 0.0 8301
1620698220561 0.0 8401
1620698220741 0.0 8501
1620698220877 0.0 8601
1620698221008 0.0 8701
1620698221141 0.0 8801
1620698221282 0.0 8901
1620698221413 0.0 9001
1620698221560 0.0 9101
1620698221709 0.0 9201
1620698221848 0.0 9301
1620698221978 0.0 9401
1620698222108 0.0 9501
1620698222246 0.0 9601
1620698222376 0.0 9701
1620698222520 0.0 9801
1620698222659 0.0 9901
1620698222799 0.0 10001
1620698222929 0.0 10101
1620698223061 0.0 10201
1620698223191 0.0 10301
1620698223336 0.0 10401
1620698223476 0.0 10501
1620698223627 0.0 10601
1620698223765 0.0 10701
1620698223895 0.0 10801
1620698224036 0.0 10901
1620698224179 0.0 11001
1620698224317 0.0 11101
1620698224449 0.0 11201
1620698224590 0.0 11301
1620698224728 0.0 11401
1620698224875 0.0 11501
1620698225018 0.0 11601
1620698225162 0.0 11701
1620698225300 0.0 11801
1620698225437 0.0 11901
1620698225590 0.0 12001
1620698225738 0.0 12101
1620698225875 0.0 12201
1620698226006 0.0 12301
1620698226148 0.0 12401
1620698226292 0.0 12501
1620698226425 0.0 12601
1620698226566 0.0 12701
1620698226709 0.0 12801
1620698226844 0.0 12901
1620698226977 0.0 13001
1620698227109 0.0 13101
1620698227249 0.0 13201
1620698227392 0.0 13301
1620698227532 0.0 13401
1620698227675 0.0 13501
1620698227816 0.0 13601
1620698227951 0.0 13701
1620698228092 0.0 13801
1620698228225 0.0 13901
1620698228358 0.0 14001
1620698228486 0.0 14101
1620698228632 0.0 14201
1620698228776 0.0 14301
1620698228908 0.0 14401
1620698229038 0.0 14501
1620698229174 0.0 14601
1620698229313 0.0 14701
1620698229442 0.0 14801
1620698229591 0.0 14901
1620698229736 0.0 15001
1620698229877 0.0 15101
1620698230015 0.0 15201
1620698230146 0.0 15301
1620698230288 0.0 15401
1620698230423 0.0 15501
1620698230563 0.0 15601
1620698230702 0.0 15701
1620698230843 0.0 15801
1620698230983 0.0 15901
1620698231119 0.0 16001
1620698231260 0.0 16101
1620698231395 0.0 16201
1620698231542 0.0 16301
1620698231678 0.0 16401
1620698231807 0.0 16501
1620698231937 0.0 16601
1620698232067 0.0 16701
1620698232203 0.0 16801
1620698232339 0.0 16901
1620698232482 0.0 17001
1620698232629 0.0 17101
1620698232775 0.0 17201
1620698232911 0.0 17301
1620698233038 0.0 17401
1620698233163 0.0 17501
1620698233329 0.0 17601
1620698233514 0.0 17701
1620698233721 0.0 17801
1620698233901 0.0 17901
1620698234067 0.0 18001
1620698234288 0.0 18101
1620698234455 0.0 18201
1620698234632 0.0 18301
1620698234825 0.0 18401
1620698234998 0.0 18501
1620698235178 0.0 18601
1620698235343 0.0 18701
1620698235487 0.0 18801
1620698235635 0.0 18901
1620698235788 0.0 19001
1620698235933 0.0 19101
1620698236071 0.0 19201
1620698236206 0.0 19301
1620698236354 0.0 19401
1620698236501 0.0 19501
1620698236647 0.0 19601
1620698236810 0.0 19701
1620698236966 0.0 19801
1620698237111 0.0 19901
