1620788940464 0.91839998960495 0
1620788943045 0.9739333391189575 2
1620788945684 0.9850999712944031 4
1620788948550 0.9904999732971191 6
1620788951467 0.9938666820526123 8
1620788954710 0.9951500296592712 10
1620788958744 0.9973999857902527 12
1620788962319 0.9962666630744934 14
1620788965748 0.9977666735649109 16
1620788969672 0.9984333515167236 18
1620788972401 0.9976833462715149 20
1620788975625 0.9988666772842407 22
1620788979511 0.9975333213806152 24
1620788983515 0.9998000264167786 26
1620788986898 1.0 28
1620788989704 1.0 30
1620788992288 1.0 32
1620788994908 1.0 34
1620788997438 1.0 36
1620789000273 0.9959333539009094 38
1620789003092 0.9988166689872742 40
1620789005781 0.9992499947547913 42
1620789008559 0.9976500272750854 44
1620789011112 0.9992666840553284 46
1620789013762 0.998116672039032 48
1620789016442 0.9988999962806702 50
1620789019107 0.9981833100318909 52
1620789022141 0.9991000294685364 54
1620789025587 0.9995166659355164 56
1620789029706 0.9991333484649658 58
1620789033379 0.9989833235740662 60
1620789036187 0.9987166523933411 62
1620789039594 0.9983166456222534 64
1620789042955 0.9998666644096375 66
1620789046448 1.0 68
1620789050143 1.0 70
1620789053325 1.0 72
1620789056108 1.0 74
1620789058764 1.0 76
1620789061526 1.0 78
1620789064171 1.0 80
1620789067011 1.0 82
1620789069777 1.0 84
1620789072450 1.0 86
1620789074973 1.0 88
1620789077604 0.9940500259399414 90
1620789080158 0.9995999932289124 92
1620789082850 0.999666690826416 94
1620789085480 0.998533308506012 96
1620789088203 0.9992166757583618 98
