1620788940464 0.283736914396286 0
1620788943045 0.08691215515136719 2
1620788945684 0.049753960222005844 4
1620788948550 0.03148427605628967 6
1620788951467 0.0208232831209898 8
1620788954710 0.015409297309815884 10
1620788958744 0.009220116771757603 12
1620788962319 0.01181755494326353 14
1620788965748 0.006892161909490824 16
1620788969672 0.005863289348781109 18
1620788972401 0.007186660077422857 20
1620788975625 0.004475749097764492 22
1620788979511 0.007348428480327129 24
1620788983515 0.0011786646209657192 26
1620788986898 0.000177250913111493 28
1620788989704 0.00010796566493809223 30
1620788992288 8.612943929620087e-05 32
1620788994908 6.385652523022145e-05 34
1620788997438 5.305990998749621e-05 36
1620789000273 0.012266973964869976 38
1620789003092 0.0037384231109172106 40
1620789005781 0.0026208139024674892 42
1620789008559 0.006311886943876743 44
1620789011112 0.002601496409624815 46
1620789013762 0.005667095072567463 48
1620789016442 0.0032976327929645777 50
1620789019107 0.005639303009957075 52
1620789022141 0.002488509053364396 54
1620789025587 0.0018908687634393573 56
1620789029706 0.0022011161781847477 58
1620789033379 0.0029260527808219194 60
1620789036187 0.004246138501912355 62
1620789039594 0.005943105556070805 64
1620789042955 0.00037151738069951534 66
1620789046448 1.9349416106706485e-05 68
1620789050143 1.2779848475474864e-05 70
1620789053325 9.452575795876328e-06 72
1620789056108 7.121555881894892e-06 74
1620789058764 5.439805590867763e-06 76
1620789061526 4.174999503447907e-06 78
1620789064171 3.1956542443367653e-06 80
1620789067011 2.4185651454899926e-06 82
1620789069777 1.8100730585501879e-06 84
1620789072450 1.4034322930456256e-06 86
1620789074973 1.008024582915823e-06 88
1620789077604 0.025294436141848564 90
1620789080158 0.0014436908531934023 92
1620789082850 0.0008887846488505602 94
1620789085480 0.005130121484398842 96
1620789088203 0.0025228667072951794 98
