1620855547776 0.9182999730110168 0
1620855550346 0.973466694355011 2
1620855552815 0.9842166900634766 4
1620855555411 0.9892666935920715 6
1620855557904 0.9933500289916992 8
1620855560456 0.9958333373069763 10
1620855563114 0.9961666464805603 12
1620855565702 0.9979166388511658 14
1620855568477 0.9973833560943604 16
1620855571079 0.998033344745636 18
1620855573776 0.9982666373252869 20
1620855576322 0.9980999827384949 22
1620855578871 0.997083306312561 24
1620855581442 0.9989166855812073 26
1620855583862 0.9999833106994629 28
1620855586384 0.996833324432373 30
1620855588857 0.9993333220481873 32
1620855591421 0.9978833198547363 34
1620855593884 0.9989333152770996 36
1620855596709 1.0 38
1620855599138 1.0 40
1620855601703 1.0 42
1620855604169 1.0 44
1620855606700 1.0 46
1620855609222 1.0 48
1620855611860 1.0 50
1620855614670 0.9967333078384399 52
1620855617595 0.9998499751091003 54
1620855620301 1.0 56
1620855622823 1.0 58
1620855625190 1.0 60
1620855627688 1.0 62
1620855630184 1.0 64
1620855632812 1.0 66
1620855635658 1.0 68
1620855638194 1.0 70
1620855640751 1.0 72
1620855643299 0.9997833371162415 74
1620855645831 0.9985499978065491 76
1620855648378 0.9995833039283752 78
1620855650969 0.9989666938781738 80
1620855653464 0.99795001745224 82
1620855656123 0.9991999864578247 84
1620855658998 0.9987166523933411 86
1620855661538 0.9987499713897705 88
1620855664010 0.9998833537101746 90
1620855666550 1.0 92
1620855669063 1.0 94
1620855671775 1.0 96
1620855674276 1.0 98
