1620855547776 0.2827381491661072 0
1620855550346 0.08886685222387314 2
1620855552815 0.0526890754699707 4
1620855555411 0.03452102094888687 6
1620855557904 0.022456355392932892 8
1620855560456 0.015170663595199585 10
1620855563114 0.01270535308867693 12
1620855565702 0.007558623794466257 14
1620855568477 0.008144472725689411 16
1620855571079 0.006579405628144741 18
1620855573776 0.005549906753003597 20
1620855576322 0.005920027382671833 22
1620855578871 0.008124212734401226 24
1620855581442 0.003281162353232503 26
1620855583862 0.0006856240215711296 28
1620855586384 0.00966360792517662 30
1620855588857 0.0019903399515897036 32
1620855591421 0.006760803516954184 34
1620855593884 0.003324845340102911 36
1620855596709 9.055529517354444e-05 38
1620855599138 5.392037928686477e-05 40
1620855601703 4.047598486067727e-05 42
1620855604169 3.150770498905331e-05 44
1620855606700 2.465936995577067e-05 46
1620855609222 1.9036531739402562e-05 48
1620855611860 1.5030207578092813e-05 50
1620855614670 0.010463823564350605 52
1620855617595 0.0006210847641341388 54
1620855620301 5.585749022429809e-05 56
1620855622823 3.5624485462903976e-05 58
1620855625190 2.6721641916083172e-05 60
1620855627688 2.059968755929731e-05 62
1620855630184 1.589916428201832e-05 64
1620855632812 1.1902588994416874e-05 66
1620855635658 9.083215445571113e-06 68
1620855638194 6.864632723591058e-06 70
1620855640751 5.177801995159825e-06 72
1620855643299 0.0008581029251217842 74
1620855645831 0.00493662478402257 76
1620855648378 0.0011475529754534364 78
1620855650969 0.002806071424856782 80
1620855653464 0.006834350526332855 82
1620855656123 0.002521477872505784 84
1620855658998 0.004173222929239273 86
1620855661538 0.0036571319214999676 88
1620855664010 0.0003691753663588315 90
1620855666550 1.829330540203955e-05 92
1620855669063 1.053490359481657e-05 94
1620855671775 7.753144018352032e-06 96
1620855674276 5.97500638832571e-06 98
