1620693263325 511.37200927734375 101
1620693263465 712.5015258789062 201
1620693263618 652.9959716796875 301
1620693263773 646.1742553710938 401
1620693263942 592.9241333007812 501
1620693264091 668.2946166992188 601
1620693264218 790.450439453125 701
1620693264347 772.996826171875 801
1620693264758 659.879150390625 1101
1620693264920 616.4966430664062 1201
1620693265070 667.5564575195312 1301
1620693265197 783.8912353515625 1401
1620693265330 756.15283203125 1501
1620693265459 775.9556274414062 1601
1620693265595 733.6303100585938 1701
1620693265729 743.8555908203125 1801
1620693265883 650.6821899414062 1901
1620693266030 682.3046264648438 2001
1620693266190 624.3614501953125 2101
1620693266329 718.4881591796875 2201
1620693266468 721.5336303710938 2301
