1620698092784 0.0 1
1620698092983 0.0 101
1620698093131 0.0 201
1620698093290 0.0 301
1620698093429 0.0 401
1620698093567 0.0 501
1620698093700 0.0 601
1620698093841 0.0 701
1620698093972 0.0 801
1620698094108 0.0 901
1620698094251 0.0 1001
1620698094381 0.0 1101
1620698094500 0.0 1201
1620698094627 0.0 1301
1620698094757 0.0 1401
1620698094885 0.0 1501
1620698095008 0.0 1601
1620698095129 0.0 1701
1620698095264 0.0 1801
1620698095396 0.0 1901
1620698095537 0.0 2001
1620698095679 0.0 2101
1620698095814 0.0 2201
1620698095951 0.0 2301
1620698096086 0.0 2401
1620698096220 0.0 2501
1620698096360 0.0 2601
1620698096510 0.0 2701
1620698096652 0.0 2801
1620698096787 0.0 2901
1620698096921 0.0 3001
1620698097054 0.0 3101
1620698097185 0.0 3201
1620698097346 0.0 3301
1620698097479 0.0 3401
1620698097616 0.0 3501
1620698097757 0.0 3601
1620698097889 0.0 3701
1620698098031 0.0 3801
1620698098169 0.0 3901
1620698098313 0.0 4001
1620698098449 0.0 4101
1620698098591 0.0 4201
1620698098730 0.0 4301
1620698098865 0.0 4401
1620698098994 0.0 4501
1620698099121 0.0 4601
1620698099277 0.0 4701
1620698099434 0.0 4801
1620698099578 0.0 4901
1620698099712 0.0 5001
1620698099848 0.0 5101
1620698099988 0.0 5201
1620698100175 0.0 5301
1620698100352 0.0 5401
1620698100507 0.0 5501
1620698100670 0.0 5601
1620698100832 0.0 5701
1620698101011 0.0 5801
1620698101191 0.0 5901
1620698101407 0.0 6001
1620698101643 0.0 6101
1620698101849 0.0 6201
1620698102005 0.0 6301
1620698102146 0.0 6401
1620698102286 0.0 6501
1620698102427 0.0 6601
1620698102564 0.0 6701
1620698102700 0.0 6801
1620698102842 0.0 6901
1620698102981 0.0 7001
1620698103114 0.0 7101
1620698103248 0.0 7201
1620698103400 0.0 7301
1620698103544 0.0 7401
1620698103685 0.0 7501
1620698103834 0.0 7601
1620698103977 0.0 7701
1620698104120 0.0 7801
1620698104256 0.0 7901
1620698104403 0.0 8001
1620698104533 0.0 8101
1620698104679 0.0 8201
1620698104831 0.0 8301
1620698105009 0.0 8401
1620698105176 0.0 8501
1620698105326 0.0 8601
1620698105466 0.0 8701
1620698105615 0.0 8801
1620698105755 0.0 8901
1620698105886 0.0 9001
1620698106029 0.0 9101
1620698106172 0.0 9201
1620698106329 0.0 9301
1620698106482 0.0 9401
1620698106655 0.0 9501
1620698106826 0.0 9601
1620698106976 0.0 9701
1620698107118 0.0 9801
1620698107269 0.0 9901
