1620690967748 2.0995259284973145 1
1620690967912 1.628988265991211 101
1620690968016 1.7837462425231934 201
1620690968126 1.135023593902588 301
1620690968234 1.4625966548919678 401
1620690968340 1.1755144596099854 501
1620690968439 1.3137664794921875 601
1620690968538 1.2450816631317139 701
1620690968659 1.1081916093826294 801
1620690968766 1.156699299812317 901
1620690968867 1.1293954849243164 1001
1620690968965 1.1812371015548706 1101
1620690969066 1.1996519565582275 1201
1620690969153 1.1976563930511475 1301
1620690969239 1.0291284322738647 1401
1620690969960 1.0868502855300903 1500
