1620698360982 0.58984375 1
1620698361184 0.5921875238418579 101
1620698361326 0.58984375 201
1620698361454 0.610156238079071 301
1620698361582 0.635937511920929 401
1620698361708 0.65234375 501
1620698361851 0.6499999761581421 601
1620698361981 0.65234375 701
1620698362105 0.655468761920929 801
1620698362233 0.65625 901
1620698362356 0.655468761920929 1001
1620698362478 0.659375011920929 1101
1620698362599 0.659375011920929 1201
1620698362723 0.660937488079071 1301
1620698362867 0.655468761920929 1401
1620698363001 0.66015625 1501
1620698363132 0.6640625 1601
1620698363270 0.653124988079071 1701
1620698363399 0.65234375 1801
1620698363523 0.6507812738418579 1901
1620698363645 0.64453125 2001
1620698363787 0.6429687738418579 2101
1620698363937 0.6421874761581421 2201
1620698364077 0.6351562738418579 2301
1620698364218 0.6343749761581421 2401
1620698364350 0.6328125 2501
1620698364481 0.62890625 2601
1620698364622 0.625781238079071 2701
1620698364766 0.6273437738418579 2801
1620698364960 0.625 2901
1620698365125 0.617968738079071 3001
1620698365283 0.60546875 3101
1620698365431 0.6031249761581421 3201
1620698365573 0.59375 3301
1620698365724 0.586718738079071 3401
1620698365888 0.5874999761581421 3501
1620698366035 0.577343761920929 3601
1620698366176 0.58203125 3701
1620698366316 0.573437511920929 3801
1620698366439 0.573437511920929 3901
1620698366559 0.5648437738418579 4001
1620698366679 0.578906238079071 4101
1620698366812 0.571093738079071 4201
1620698366950 0.5687500238418579 4301
1620698367086 0.5625 4401
1620698367220 0.569531261920929 4501
1620698367360 0.5609375238418579 4601
1620698367500 0.56640625 4701
1620698367640 0.56640625 4801
1620698367781 0.565625011920929 4901
1620698367928 0.5625 5001
1620698368068 0.5648437738418579 5101
1620698368200 0.569531261920929 5201
1620698368329 0.5601562261581421 5301
1620698368460 0.563281238079071 5401
1620698368593 0.5640624761581421 5501
1620698368731 0.569531261920929 5601
1620698368875 0.56640625 5701
1620698369006 0.5648437738418579 5801
1620698369135 0.553906261920929 5901
1620698369273 0.5648437738418579 6001
1620698369407 0.56640625 6101
1620698369545 0.5570312738418579 6201
1620698369683 0.56640625 6301
1620698369837 0.56640625 6401
1620698369978 0.569531261920929 6501
1620698370110 0.5625 6601
1620698370247 0.55859375 6701
1620698370378 0.5570312738418579 6801
1620698370509 0.5609375238418579 6901
1620698370641 0.56640625 7001
1620698370791 0.56640625 7101
1620698370957 0.557812511920929 7201
1620698371105 0.55859375 7301
1620698371256 0.5648437738418579 7401
1620698371411 0.557812511920929 7501
1620698371544 0.561718761920929 7601
1620698371679 0.5546875 7701
1620698371827 0.559374988079071 7801
1620698371966 0.5687500238418579 7901
1620698372105 0.56640625 8001
1620698372237 0.559374988079071 8101
1620698372369 0.567187488079071 8201
1620698372505 0.5625 8301
1620698372638 0.561718761920929 8401
1620698372777 0.5648437738418579 8501
1620698372920 0.5601562261581421 8601
1620698373056 0.5609375238418579 8701
1620698373188 0.5625 8801
1620698373327 0.5679687261581421 8901
1620698373463 0.559374988079071 9001
1620698373591 0.5640624761581421 9101
1620698373723 0.5609375238418579 9201
1620698373869 0.5601562261581421 9301
1620698374006 0.5625 9401
1620698374137 0.5570312738418579 9501
1620698374268 0.5609375238418579 9601
1620698374402 0.557812511920929 9701
1620698374538 0.559374988079071 9801
1620698374676 0.559374988079071 9901
1620698374853 0.559374988079071 10001
1620698375031 0.557812511920929 10101
1620698375178 0.55859375 10201
1620698375315 0.5523437261581421 10301
1620698375446 0.55859375 10401
1620698375578 0.55859375 10501
1620698375714 0.5546875 10601
1620698375858 0.5601562261581421 10701
1620698375987 0.557812511920929 10801
1620698376114 0.5609375238418579 10901
1620698376242 0.5523437261581421 11001
1620698376370 0.5570312738418579 11101
1620698376495 0.557812511920929 11201
1620698376620 0.553906261920929 11301
1620698376750 0.5570312738418579 11401
1620698376889 0.55078125 11501
1620698377015 0.5546875 11601
1620698377143 0.5546875 11701
1620698377278 0.550000011920929 11801
1620698377410 0.5562499761581421 11901
1620698377543 0.5523437261581421 12001
1620698377678 0.550000011920929 12101
1620698377829 0.546093761920929 12201
1620698377971 0.555468738079071 12301
1620698378107 0.546093761920929 12401
1620698378240 0.551562488079071 12501
1620698378371 0.550000011920929 12601
1620698378509 0.5531250238418579 12701
1620698378644 0.5484374761581421 12801
1620698378785 0.5531250238418579 12901
1620698378943 0.5406249761581421 13001
1620698379092 0.546093761920929 13101
1620698379241 0.550000011920929 13201
1620698379376 0.551562488079071 13301
1620698379512 0.5484374761581421 13401
1620698379653 0.5453125238418579 13501
1620698379800 0.5453125238418579 13601
1620698379941 0.542187511920929 13701
1620698380071 0.547656238079071 13801
1620698380202 0.550000011920929 13901
1620698380337 0.55078125 14001
1620698380488 0.5453125238418579 14101
1620698380638 0.5406249761581421 14201
1620698380782 0.542187511920929 14301
1620698380939 0.5414062738418579 14401
1620698381080 0.5406249761581421 14501
1620698381231 0.547656238079071 14601
1620698381385 0.543749988079071 14701
1620698381526 0.5390625 14801
1620698381676 0.5406249761581421 14901
1620698381812 0.5375000238418579 15001
1620698381964 0.546093761920929 15101
1620698382094 0.5406249761581421 15201
1620698382220 0.5375000238418579 15301
1620698382349 0.5406249761581421 15401
1620698382479 0.542187511920929 15501
1620698382608 0.5367187261581421 15601
1620698382734 0.5390625 15701
1620698382878 0.5367187261581421 15801
1620698383019 0.5375000238418579 15901
1620698383154 0.5453125238418579 16001
1620698383290 0.5375000238418579 16101
1620698383422 0.53515625 16201
1620698383560 0.530468761920929 16301
1620698383690 0.53515625 16401
1620698383837 0.5335937738418579 16501
1620698383988 0.5390625 16601
1620698384129 0.5328124761581421 16701
1620698384273 0.5296875238418579 16801
1620698384408 0.532031238079071 16901
1620698384547 0.532031238079071 17001
1620698384687 0.5335937738418579 17101
1620698384828 0.5257812738418579 17201
1620698384986 0.524218738079071 17301
1620698385134 0.5296875238418579 17401
1620698385269 0.53125 17501
1620698385404 0.532031238079071 17601
1620698385537 0.52734375 17701
1620698385672 0.5257812738418579 17801
1620698385818 0.5328124761581421 17901
1620698385966 0.52734375 18001
1620698386107 0.532031238079071 18101
1620698386250 0.5257812738418579 18201
1620698386407 0.5257812738418579 18301
1620698386545 0.5249999761581421 18401
1620698386682 0.5257812738418579 18501
1620698386834 0.5257812738418579 18601
1620698386989 0.518750011920929 18701
1620698387135 0.5249999761581421 18801
1620698387276 0.5249999761581421 18901
1620698387425 0.5257812738418579 19001
1620698387575 0.5171874761581421 19101
1620698387717 0.5234375 19201
1620698387866 0.5234375 19301
1620698388012 0.5289062261581421 19401
1620698388138 0.5249999761581421 19501
1620698388277 0.528124988079071 19601
1620698388473 0.522656261920929 19701
1620698388658 0.524218738079071 19801
1620698388819 0.5171874761581421 19901
