1620698208949 1.3748313188552856 1
1620698209137 1.092805027961731 101
1620698209278 1.0232799053192139 201
1620698209406 1.019341230392456 301
1620698209556 0.9964787364006042 401
1620698209704 0.9946126937866211 501
1620698209836 0.9792139530181885 601
1620698209959 0.9543089866638184 701
1620698210078 0.9771949052810669 801
1620698210210 0.9578458070755005 901
1620698210336 0.9633373022079468 1001
1620698210472 0.9322061538696289 1101
1620698210611 0.9394232630729675 1201
1620698210738 0.9208285808563232 1301
1620698210860 0.9283248782157898 1401
1620698210981 0.9197752475738525 1501
1620698211103 0.9046931862831116 1601
1620698211233 0.9123321771621704 1701
1620698211361 0.9016664624214172 1801
1620698211493 0.8844720125198364 1901
1620698211623 0.902898907661438 2001
1620698211748 0.887336254119873 2101
1620698211867 0.9035484790802002 2201
1620698211993 0.8785403370857239 2301
1620698212115 0.8666146397590637 2401
1620698212242 0.8714982867240906 2501
1620698212367 0.9039642810821533 2601
1620698212495 0.8622757196426392 2701
1620698212629 0.8594993948936462 2801
1620698212759 0.8494477868080139 2901
1620698212890 0.8461784720420837 3001
1620698213023 0.8538848757743835 3101
1620698213167 0.849905252456665 3201
1620698213297 0.8420823812484741 3301
1620698213446 0.8021506071090698 3401
1620698213592 0.8406644463539124 3501
1620698213727 0.8192523717880249 3601
1620698213851 0.827522873878479 3701
1620698213987 0.8246410489082336 3801
1620698214122 0.825278639793396 3901
1620698214259 0.7898725271224976 4001
1620698214406 0.8580248355865479 4101
1620698214553 0.8068294525146484 4201
1620698214687 0.813652753829956 4301
1620698214832 0.7751346826553345 4401
1620698215005 0.7850112915039062 4501
1620698215174 0.7992233633995056 4601
1620698215317 0.762054443359375 4701
1620698215449 0.783377468585968 4801
1620698215616 0.776817798614502 4901
1620698215780 0.7589242458343506 5001
1620698215912 0.7678965926170349 5101
1620698216043 0.7920805811882019 5201
1620698216179 0.7493911981582642 5301
1620698216317 0.7567958831787109 5401
1620698216447 0.7514054775238037 5501
1620698216585 0.7613223195075989 5601
1620698216727 0.7539118528366089 5701
1620698216865 0.7434474229812622 5801
1620698216996 0.7539001107215881 5901
1620698217139 0.7405260801315308 6001
1620698217277 0.7388015985488892 6101
1620698217414 0.7604183554649353 6201
1620698217561 0.7194320559501648 6301
1620698217697 0.7297233939170837 6401
1620698217835 0.7032207250595093 6501
1620698217966 0.7304829359054565 6601
1620698218099 0.6960678696632385 6701
1620698218234 0.6949209570884705 6801
1620698218366 0.7040948867797852 6901
1620698218505 0.6966872215270996 7001
1620698218642 0.6565725207328796 7101
1620698218785 0.7034040689468384 7201
1620698218915 0.7021797895431519 7301
1620698219051 0.676729142665863 7401
1620698219189 0.6935727596282959 7501
1620698219323 0.6735348105430603 7601
1620698219462 0.6927640438079834 7701
1620698219607 0.6667362451553345 7801
1620698219747 0.6523230075836182 7901
1620698219880 0.6875100135803223 8001
1620698220016 0.6602143049240112 8101
1620698220214 0.6524275541305542 8201
1620698220382 0.6427174210548401 8301
1620698220561 0.666600227355957 8401
1620698220741 0.6552185416221619 8501
1620698220877 0.6549264192581177 8601
1620698221008 0.6418017148971558 8701
1620698221141 0.6628441214561462 8801
1620698221282 0.6642124652862549 8901
1620698221413 0.6355005502700806 9001
1620698221560 0.6337850093841553 9101
1620698221709 0.6451539397239685 9201
1620698221848 0.6343092918395996 9301
1620698221978 0.6323385238647461 9401
1620698222108 0.6142383813858032 9501
1620698222246 0.6221233606338501 9601
1620698222376 0.612589955329895 9701
1620698222520 0.645512044429779 9801
1620698222659 0.6158983707427979 9901
1620698222799 0.6053242683410645 10001
1620698222929 0.5809054970741272 10101
1620698223061 0.6086996793746948 10201
1620698223191 0.5975759029388428 10301
1620698223336 0.5975291132926941 10401
1620698223476 0.6048965454101562 10501
1620698223627 0.6117904186248779 10601
1620698223765 0.5933465957641602 10701
1620698223895 0.6034629344940186 10801
1620698224036 0.6124719977378845 10901
1620698224179 0.5944056510925293 11001
1620698224317 0.5895512700080872 11101
1620698224449 0.590947687625885 11201
1620698224590 0.5733685493469238 11301
1620698224728 0.5907829999923706 11401
1620698224875 0.5818338990211487 11501
1620698225018 0.5746679306030273 11601
1620698225162 0.5801308155059814 11701
1620698225300 0.5902537107467651 11801
1620698225437 0.5840597152709961 11901
1620698225590 0.574100136756897 12001
1620698225738 0.5562394261360168 12101
1620698225875 0.5867136716842651 12201
1620698226006 0.5569826364517212 12301
1620698226148 0.560149073600769 12401
1620698226292 0.5624355673789978 12501
1620698226425 0.5588175058364868 12601
1620698226566 0.5549486875534058 12701
1620698226709 0.5518693327903748 12801
1620698226844 0.5518494248390198 12901
1620698226977 0.5540447235107422 13001
1620698227109 0.5641173720359802 13101
1620698227249 0.539090633392334 13201
1620698227392 0.5658668279647827 13301
1620698227532 0.5786747336387634 13401
1620698227675 0.5338672399520874 13501
1620698227816 0.5537918210029602 13601
1620698227951 0.567020833492279 13701
1620698228092 0.554000735282898 13801
1620698228225 0.5341214537620544 13901
1620698228358 0.5175086259841919 14001
1620698228486 0.5334503650665283 14101
1620698228632 0.5317591428756714 14201
1620698228776 0.5179370641708374 14301
1620698228908 0.5332697629928589 14401
1620698229038 0.5277894735336304 14501
1620698229174 0.5138297080993652 14601
1620698229313 0.519983172416687 14701
1620698229442 0.508113443851471 14801
1620698229591 0.5336723327636719 14901
1620698229736 0.512049674987793 15001
1620698229877 0.5122966766357422 15101
1620698230015 0.49532172083854675 15201
1620698230146 0.501015841960907 15301
1620698230288 0.5051178336143494 15401
1620698230423 0.4947136640548706 15501
1620698230563 0.5074822306632996 15601
1620698230702 0.5062390565872192 15701
1620698230843 0.4980849027633667 15801
1620698230983 0.49705153703689575 15901
1620698231119 0.48519307374954224 16001
1620698231260 0.4722534716129303 16101
1620698231395 0.48684167861938477 16201
1620698231542 0.46790558099746704 16301
1620698231678 0.503118634223938 16401
1620698231807 0.4903566241264343 16501
1620698231937 0.47816646099090576 16601
1620698232067 0.49084407091140747 16701
1620698232203 0.48108261823654175 16801
1620698232339 0.4742019772529602 16901
1620698232482 0.4186742901802063 17001
1620698232629 0.4806615114212036 17101
1620698232775 0.4901631474494934 17201
1620698232911 0.46842026710510254 17301
1620698233038 0.4726942777633667 17401
1620698233163 0.4358865022659302 17501
1620698233329 0.4926742911338806 17601
1620698233514 0.4671162962913513 17701
1620698233721 0.4865931272506714 17801
1620698233901 0.47444280982017517 17901
1620698234067 0.4609355330467224 18001
1620698234288 0.45856717228889465 18101
1620698234455 0.49232906103134155 18201
1620698234632 0.4591366648674011 18301
1620698234825 0.469840943813324 18401
1620698234998 0.45202338695526123 18501
1620698235178 0.4478151202201843 18601
1620698235343 0.46395665407180786 18701
1620698235487 0.4608677625656128 18801
1620698235635 0.44209569692611694 18901
1620698235788 0.45641812682151794 19001
1620698235933 0.43202781677246094 19101
1620698236071 0.4560534656047821 19201
1620698236206 0.4425753355026245 19301
1620698236354 0.46755915880203247 19401
1620698236501 0.4481317400932312 19501
1620698236647 0.46203023195266724 19601
1620698236810 0.4562084972858429 19701
1620698236966 0.44158118963241577 19801
1620698237111 0.45989102125167847 19901
1620698237952 0.526080310344696 20000
