1620693247477 512.6038208007812 101
1620693247616 722.5964965820312 201
1620693247762 685.0874633789062 301
1620693247919 633.7261962890625 401
1620693248076 638.74462890625 501
1620693248215 717.8856201171875 601
1620693248351 738.1427001953125 701
1620693248490 715.63916015625 801
1620693248622 758.2456665039062 901
1620693248774 658.013671875 1001
1620693248913 721.4430541992188 1101
1620693249042 772.3491821289062 1201
1620693249164 820.1514892578125 1301
1620693249288 811.206787109375 1401
1620693249455 596.1442260742188 1501
