1620856406775 0.9641166925430298 1
1620856409248 0.9807833433151245 3
1620856411769 0.9872999787330627 5
1620856414288 0.9922666549682617 7
1620856416813 0.9955666661262512 9
1620856419357 0.9957500100135803 11
1620856421823 0.9966333508491516 13
1620856424416 0.9975666403770447 15
1620856426952 0.9978166818618774 17
1620856429510 0.9987499713897705 19
1620856431981 0.9972166419029236 21
1620856434337 0.999916672706604 23
1620856436883 1.0 25
1620856439453 1.0 27
1620856441981 0.9966333508491516 29
1620856444515 0.9993500113487244 31
1620856447120 0.9990333318710327 33
1620856449848 0.9987000226974487 35
1620856452561 1.0 37
1620856455102 1.0 39
1620856457611 1.0 41
1620856460039 1.0 43
1620856462484 1.0 45
1620856465028 0.9937000274658203 47
1620856467578 0.9982500076293945 49
1620856470116 0.9996833205223083 51
1620856472648 0.9976833462715149 53
1620856475196 0.9991833567619324 55
1620856477669 0.9988833069801331 57
1620856480104 0.9991333484649658 59
1620856482607 0.999750018119812 61
1620856485193 0.9980666637420654 63
1620856487725 0.9991000294685364 65
1620856490363 0.9991166591644287 67
1620856492898 0.9989166855812073 69
1620856495456 0.998199999332428 71
1620856498011 1.0 73
1620856500510 1.0 75
1620856503068 1.0 77
1620856505691 1.0 79
1620856508195 1.0 81
1620856510912 1.0 83
1620856513740 1.0 85
1620856516710 1.0 87
1620856519612 1.0 89
1620856522139 1.0 91
1620856524653 0.9934499859809875 93
1620856527182 0.9996500015258789 95
1620856529642 0.9988166689872742 97
1620856532112 0.9995833039283752 99
1620856534606 0.9979166388511658 101
1620856537129 0.9989666938781738 103
1620856539738 0.9995333552360535 105
1620856542344 0.9985499978065491 107
1620856544898 0.9994666576385498 109
1620856547439 0.9996500015258789 111
1620856549994 0.9983000159263611 113
1620856552416 0.9992499947547913 115
1620856554875 0.9991166591644287 117
1620856557396 0.9993000030517578 119
1620856559907 0.9994833469390869 121
1620856562502 0.9995333552360535 123
1620856565108 0.9992666840553284 125
1620856567727 0.9997833371162415 127
1620856570293 1.0 129
1620856573144 1.0 131
1620856575766 1.0 133
1620856578414 1.0 135
1620856581004 1.0 137
1620856583482 1.0 139
1620856586035 1.0 141
1620856588686 1.0 143
1620856591219 1.0 145
1620856593742 1.0 147
1620856596310 1.0 149
1620856598832 1.0 151
1620856601525 1.0 153
1620856604048 1.0 155
1620856606647 1.0 157
1620856609165 1.0 159
1620856611745 1.0 161
1620856614350 1.0 163
1620856616898 1.0 165
1620856619419 1.0 167
1620856621936 1.0 169
1620856624542 1.0 171
1620856627157 1.0 173
1620856629709 1.0 175
1620856632840 1.0 177
1620856635604 1.0 179
1620856638160 1.0 181
1620856640721 1.0 183
1620856643241 1.0 185
1620856645850 1.0 187
1620856648431 1.0 189
1620856651052 1.0 191
1620856653587 1.0 193
1620856656106 1.0 195
1620856658615 1.0 197
1620856661286 1.0 199
