1620856406775 0.12281090021133423 1
1620856409248 0.06403380632400513 3
1620856411769 0.04017243906855583 5
1620856414288 0.02561870589852333 7
1620856416813 0.015415293164551258 9
1620856419357 0.013486754149198532 11
1620856421823 0.011093812994658947 13
1620856424416 0.008002231828868389 15
1620856426952 0.007196143269538879 17
1620856429510 0.004490276798605919 19
1620856431981 0.00795526523143053 21
1620856434337 0.0010624194983392954 23
1620856436883 0.00024978938745334744 25
1620856439453 0.0001967122225323692 27
1620856441981 0.009942378848791122 29
1620856444515 0.00247223605401814 31
1620856447120 0.003143392037600279 33
1620856449848 0.004179227165877819 35
1620856452561 0.00024152833793777972 37
1620856455102 8.299866749439389e-05 39
1620856457611 6.092132025514729e-05 41
1620856460039 4.7358513256767765e-05 43
1620856462484 3.6840076063526794e-05 45
1620856465028 0.024023815989494324 47
1620856467578 0.005262644961476326 49
1620856470116 0.001130180316977203 51
1620856472648 0.007017134223133326 53
1620856475196 0.003308625426143408 55
1620856477669 0.003765833331272006 57
1620856480104 0.0023128611501306295 59
1620856482607 0.0011299853213131428 61
1620856485193 0.006021908950060606 63
1620856487725 0.002945780288428068 65
1620856490363 0.0025709932669997215 67
1620856492898 0.0031550496350973845 69
1620856495456 0.005766420625150204 71
1620856498011 0.00016095962200779468 73
1620856500510 1.7934593415702693e-05 75
1620856503068 1.2354558748484123e-05 77
1620856505691 9.453591701458208e-06 79
1620856508195 7.382799140032148e-06 81
1620856510912 5.770248662884114e-06 83
1620856513740 4.472301498026354e-06 85
1620856516710 3.4706304177234415e-06 87
1620856519612 2.6227617127005942e-06 89
1620856522139 2.0422048692125827e-06 91
1620856524653 0.029751025140285492 93
1620856527182 0.0009526283829472959 95
1620856529642 0.003972850739955902 97
1620856532112 0.0012064039474353194 99
1620856534606 0.006673144176602364 101
1620856537129 0.003698752960190177 103
1620856539738 0.0017355527961626649 105
1620856542344 0.004853959195315838 107
1620856544898 0.0014892920153215528 109
1620856547439 0.0008607276249676943 111
1620856549994 0.006681426893919706 113
1620856552416 0.0023651588708162308 115
1620856554875 0.002797488123178482 117
1620856557396 0.002149132778868079 119
1620856559907 0.001406363444402814 121
1620856562502 0.0013601217651739717 123
1620856565108 0.0021247826516628265 125
1620856567727 0.0006780862458981574 127
1620856570293 6.3620418586651795e-06 129
1620856573144 3.7658032852050383e-06 131
1620856575766 2.696114052014309e-06 133
1620856578414 1.9958001757913735e-06 135
1620856581004 1.503496605437249e-06 137
1620856583482 1.1347120789650944e-06 139
1620856586035 8.53790368182672e-07 141
1620856588686 6.429210088754189e-07 143
1620856591219 4.883581254944147e-07 145
1620856593742 3.6260109936847584e-07 147
1620856596310 2.7347499553798116e-07 149
1620856598832 2.0254400112662552e-07 151
1620856601525 1.4666795777884545e-07 153
1620856604048 1.105122677813597e-07 155
1620856606647 7.921832434476528e-08 157
1620856609165 6.013098641233228e-08 159
1620856611745 4.451863944154866e-08 161
1620856614350 3.4854757302582584e-08 163
1620856616898 2.529619891333823e-08 165
1620856619419 1.9830460828984542e-08 167
1620856621936 1.5527007235505152e-08 169
1620856624542 1.2322265874331606e-08 171
1620856627157 1.0287760865423934e-08 173
1620856629709 8.666514617061694e-09 175
1620856632840 7.29958138379061e-09 177
1620856635604 6.308157551870863e-09 179
1620856638160 5.5015081379394815e-09 181
1620856640721 4.887580562495941e-09 183
1620856643241 4.4643875263261634e-09 185
1620856645850 4.05510247603047e-09 187
1620856648431 3.7093954574629606e-09 189
1620856651052 3.435214113167717e-09 191
1620856653587 3.184874586281694e-09 193
1620856656106 2.9623505870546296e-09 195
1620856658615 2.8491018433385307e-09 197
1620856661286 2.6206172787368587e-09 199
