1620778482007 0.9207166433334351 0
1620778484524 0.9741666913032532 2
1620778486972 0.9842833280563354 4
1620778489572 0.9906833171844482 6
1620778492183 0.9937000274658203 8
1620778494679 0.9955666661262512 10
1620778497207 0.9962666630744934 12
1620778499691 0.9973499774932861 14
1620778502253 0.9968666434288025 16
1620778504706 0.9975333213806152 18
1620778507348 0.9974166750907898 20
1620778509834 0.9990833401679993 22
1620778512279 0.9972166419029236 24
1620778514782 0.9981666803359985 26
1620778517311 0.9986666440963745 28
1620778519835 0.9979166388511658 30
1620778522340 0.9998999834060669 32
1620778524835 1.0 34
1620778527294 1.0 36
1620778529859 1.0 38
1620778532429 1.0 40
1620778535191 0.9976500272750854 42
1620778537710 0.9987666606903076 44
1620778540151 0.9995666742324829 46
1620778542697 0.998199999332428 48
1620778545214 0.9986333250999451 50
1620778547711 0.998033344745636 52
1620778550261 0.9990166425704956 54
1620778552702 0.9992166757583618 56
1620778555209 0.9987000226974487 58
1620778557669 0.9984333515167236 60
1620778560195 0.9989500045776367 62
1620778562706 0.9997166395187378 64
1620778565260 1.0 66
1620778567808 1.0 68
1620778570445 1.0 70
1620778572975 1.0 72
1620778575450 1.0 74
1620778578216 1.0 76
1620778580809 1.0 78
1620778583365 1.0 80
1620778585775 1.0 82
1620778588263 1.0 84
1620778590801 1.0 86
1620778593427 1.0 88
1620778596183 0.9982166886329651 90
1620778598645 0.9992833137512207 92
1620778601135 0.9985833168029785 94
1620778603759 0.9994666576385498 96
1620778606200 0.9989333152770996 98
