1620778482007 0.2779928147792816 0
1620778484524 0.08703561127185822 2
1620778486972 0.05205579847097397 4
1620778489572 0.0324924997985363 6
1620778492183 0.021584346890449524 8
1620778494679 0.014940712600946426 10
1620778497207 0.012225091457366943 12
1620778499691 0.008931772783398628 14
1620778502253 0.009808926843106747 16
1620778504706 0.007594911381602287 18
1620778507348 0.008390441536903381 20
1620778509834 0.0034215771593153477 22
1620778512279 0.0077927266247570515 24
1620778514782 0.00561736524105072 26
1620778517311 0.0038219692651182413 28
1620778519835 0.006025299895554781 30
1620778522340 0.0007800899911671877 32
1620778524835 0.00010846647637663409 34
1620778527294 6.063754335627891e-05 36
1620778529859 4.60820592707023e-05 38
1620778532429 3.707610085257329e-05 40
1620778535191 0.010989160276949406 42
1620778537710 0.003720184788107872 44
1620778540151 0.001537791918963194 46
1620778542697 0.0055224099196493626 48
1620778545214 0.003974434453994036 50
1620778547711 0.005976644344627857 52
1620778550261 0.0029133390635252 54
1620778552702 0.002269046613946557 56
1620778555209 0.0038743785116821527 58
1620778557669 0.005067197140306234 60
1620778560195 0.0030336626805365086 62
1620778562706 0.0009423585725016892 64
1620778565260 2.539349407015834e-05 66
1620778567808 1.5891580915194936e-05 68
1620778570445 1.1691961844917387e-05 70
1620778572975 8.869817065715324e-06 72
1620778575450 6.743267476849724e-06 74
1620778578216 5.0793182708730455e-06 76
1620778580809 3.891468168149004e-06 78
1620778583365 2.964198529298301e-06 80
1620778585775 2.203947133239126e-06 82
1620778588263 1.6535631175429444e-06 84
1620778590801 1.1888294011441758e-06 86
1620778593427 8.805500897324237e-07 88
1620778596183 0.005499663297086954 90
1620778598645 0.0019310495117679238 92
1620778601135 0.004327857401221991 94
1620778603759 0.0017830815631896257 96
1620778606200 0.003239317797124386 98
