1620698092784 0.5882812738418579 1
1620698092983 0.586718738079071 101
1620698093131 0.592968761920929 201
1620698093290 0.58203125 301
1620698093429 0.5757812261581421 401
1620698093567 0.567187488079071 501
1620698093700 0.5570312738418579 601
1620698093840 0.5492187738418579 701
1620698093972 0.55078125 801
1620698094108 0.5375000238418579 901
1620698094251 0.5335937738418579 1001
1620698094381 0.53515625 1101
1620698094500 0.53515625 1201
1620698094627 0.5289062261581421 1301
1620698094757 0.5328124761581421 1401
1620698094885 0.5328124761581421 1501
1620698095008 0.53515625 1601
1620698095129 0.53515625 1701
1620698095264 0.5335937738418579 1801
1620698095396 0.530468761920929 1901
1620698095537 0.53515625 2001
1620698095679 0.5335937738418579 2101
1620698095814 0.5328124761581421 2201
1620698095951 0.539843738079071 2301
1620698096086 0.5328124761581421 2401
1620698096220 0.52734375 2501
1620698096360 0.53125 2601
1620698096510 0.52734375 2701
1620698096652 0.5234375 2801
1620698096787 0.5257812738418579 2901
1620698096921 0.524218738079071 3001
1620698097054 0.524218738079071 3101
1620698097185 0.5234375 3201
1620698097346 0.5210937261581421 3301
1620698097478 0.518750011920929 3401
1620698097616 0.516406238079071 3501
1620698097757 0.5140625238418579 3601
1620698097889 0.5132812261581421 3701
1620698098031 0.512499988079071 3801
1620698098169 0.512499988079071 3901
1620698098313 0.5140625238418579 4001
1620698098449 0.512499988079071 4101
1620698098591 0.51171875 4201
1620698098730 0.51171875 4301
1620698098865 0.510937511920929 4401
1620698098994 0.5101562738418579 4501
1620698099121 0.508593738079071 4601
1620698099277 0.5054687261581421 4701
1620698099434 0.5093749761581421 4801
1620698099578 0.5078125 4901
1620698099712 0.5062500238418579 5001
1620698099848 0.508593738079071 5101
1620698099988 0.5093749761581421 5201
1620698100175 0.5101562738418579 5301
1620698100352 0.508593738079071 5401
1620698100507 0.508593738079071 5501
1620698100670 0.510937511920929 5601
1620698100832 0.5078125 5701
1620698101011 0.50390625 5801
1620698101191 0.5062500238418579 5901
1620698101407 0.504687488079071 6001
1620698101643 0.50390625 6101
1620698101849 0.5062500238418579 6201
1620698102005 0.504687488079071 6301
1620698102146 0.504687488079071 6401
1620698102286 0.5054687261581421 6501
1620698102427 0.5062500238418579 6601
1620698102564 0.50390625 6701
1620698102700 0.50390625 6801
1620698102842 0.50390625 6901
1620698102981 0.503125011920929 7001
1620698103114 0.504687488079071 7101
1620698103248 0.50390625 7201
1620698103400 0.50390625 7301
1620698103544 0.507031261920929 7401
1620698103685 0.504687488079071 7501
1620698103834 0.504687488079071 7601
1620698103977 0.503125011920929 7701
1620698104120 0.5062500238418579 7801
1620698104256 0.507031261920929 7901
1620698104403 0.503125011920929 8001
1620698104533 0.5062500238418579 8101
1620698104679 0.5078125 8201
1620698104831 0.508593738079071 8301
1620698105009 0.507031261920929 8401
1620698105176 0.5078125 8501
1620698105326 0.508593738079071 8601
1620698105466 0.5078125 8701
1620698105615 0.507031261920929 8801
1620698105755 0.5093749761581421 8901
1620698105886 0.508593738079071 9001
1620698106029 0.510937511920929 9101
1620698106172 0.508593738079071 9201
1620698106329 0.5093749761581421 9301
1620698106482 0.510937511920929 9401
1620698106655 0.516406238079071 9501
1620698106826 0.510937511920929 9601
1620698106976 0.51171875 9701
1620698107118 0.516406238079071 9801
1620698107269 0.512499988079071 9901
