1620695876663 0.0 1
1620695876853 0.0 101
1620695876999 0.0 201
1620695877155 0.0 301
1620695877307 0.0 401
1620695877464 0.0 501
1620695877603 0.0 601
1620695877737 0.0 701
1620695877877 0.0 801
1620695878019 0.0 901
1620695878186 0.0 1001
1620695878329 0.0 1101
1620695878474 0.0 1201
1620695878644 0.0 1301
1620695878782 0.0 1401
1620695878921 0.0 1501
1620695879076 0.0 1601
1620695879224 0.0 1701
1620695879355 0.0 1801
1620695879494 0.0 1901
1620695879636 0.0 2001
1620695879777 0.0 2101
1620695879919 0.0 2201
1620695880066 0.0 2301
