1620698360982 0.0 1
1620698361184 0.0 101
1620698361326 0.0 201
1620698361454 0.0 301
1620698361582 0.0 401
1620698361708 0.0 501
1620698361851 0.0 601
1620698361981 0.0 701
1620698362105 0.0 801
1620698362233 0.0 901
1620698362356 0.0 1001
1620698362478 0.0 1101
1620698362599 0.0 1201
1620698362724 0.0 1301
1620698362867 0.0 1401
1620698363001 0.0 1501
1620698363132 0.0 1601
1620698363270 0.0 1701
1620698363399 0.0 1801
1620698363523 0.0 1901
1620698363646 0.0 2001
1620698363787 0.0 2101
1620698363937 0.0 2201
1620698364077 0.0 2301
1620698364218 0.0 2401
1620698364350 0.0 2501
1620698364481 0.0 2601
1620698364622 0.0 2701
1620698364766 0.0 2801
1620698364960 0.0 2901
1620698365125 0.0 3001
1620698365283 0.0 3101
1620698365431 0.0 3201
1620698365573 0.0 3301
1620698365724 0.0 3401
1620698365888 0.0 3501
1620698366035 0.0 3601
1620698366176 0.0 3701
1620698366316 0.0 3801
1620698366439 0.0 3901
1620698366559 0.0 4001
1620698366679 0.0 4101
1620698366812 0.0 4201
1620698366950 0.0 4301
1620698367086 0.0 4401
1620698367220 0.0 4501
1620698367360 0.0 4601
1620698367500 0.0 4701
1620698367640 0.0 4801
1620698367781 0.0 4901
1620698367928 0.0 5001
1620698368068 0.0 5101
1620698368200 0.0 5201
1620698368329 0.0 5301
1620698368460 0.0 5401
1620698368593 0.0 5501
1620698368731 0.0 5601
1620698368875 0.0 5701
1620698369006 0.0 5801
1620698369135 0.0 5901
1620698369273 0.0 6001
1620698369407 0.0 6101
1620698369545 0.0 6201
1620698369683 0.0 6301
1620698369837 0.0 6401
1620698369978 0.0 6501
1620698370110 0.0 6601
1620698370247 0.0 6701
1620698370378 0.0 6801
1620698370509 0.0 6901
1620698370641 0.0 7001
1620698370791 0.0 7101
1620698370957 0.0 7201
1620698371105 0.0 7301
1620698371256 0.0 7401
1620698371411 0.0 7501
1620698371544 0.0 7601
1620698371679 0.0 7701
1620698371827 0.0 7801
1620698371966 0.0 7901
1620698372105 0.0 8001
1620698372237 0.0 8101
1620698372369 0.0 8201
1620698372505 0.0 8301
1620698372638 0.0 8401
1620698372777 0.0 8501
1620698372920 0.0 8601
1620698373056 0.0 8701
1620698373188 0.0 8801
1620698373327 0.0 8901
1620698373463 0.0 9001
1620698373591 0.0 9101
1620698373723 0.0 9201
1620698373869 0.0 9301
1620698374006 0.0 9401
1620698374137 0.0 9501
1620698374268 0.0 9601
1620698374402 0.0 9701
1620698374538 0.0 9801
1620698374676 0.0 9901
1620698374853 0.0 10001
1620698375031 0.0 10101
1620698375178 0.0 10201
1620698375315 0.0 10301
1620698375446 0.0 10401
1620698375578 0.0 10501
1620698375714 0.0 10601
1620698375858 0.0 10701
1620698375987 0.0 10801
1620698376114 0.0 10901
1620698376243 0.0 11001
1620698376370 0.0 11101
1620698376495 0.0 11201
1620698376620 0.0 11301
1620698376750 0.0 11401
1620698376889 0.0 11501
1620698377015 0.0 11601
1620698377144 0.0 11701
1620698377278 0.0 11801
1620698377410 0.0 11901
1620698377543 0.0 12001
1620698377678 0.0 12101
1620698377829 0.0 12201
1620698377971 0.0 12301
1620698378107 0.0 12401
1620698378240 0.0 12501
1620698378371 0.0 12601
1620698378509 0.0 12701
1620698378644 0.0 12801
1620698378785 0.0 12901
1620698378943 0.0 13001
1620698379092 0.0 13101
1620698379241 0.0 13201
1620698379376 0.0 13301
1620698379512 0.0 13401
1620698379653 0.0 13501
1620698379800 0.0 13601
1620698379941 0.0 13701
1620698380071 0.0 13801
1620698380202 0.0 13901
1620698380337 0.0 14001
1620698380488 0.0 14101
1620698380638 0.0 14201
1620698380782 0.0 14301
1620698380939 0.0 14401
1620698381080 0.0 14501
1620698381231 0.0 14601
1620698381385 0.0 14701
1620698381526 0.0 14801
1620698381676 0.0 14901
1620698381812 0.0 15001
1620698381964 0.0 15101
1620698382094 0.0 15201
1620698382220 0.0 15301
1620698382349 0.0 15401
1620698382479 0.0 15501
1620698382608 0.0 15601
1620698382735 0.0 15701
1620698382878 0.0 15801
1620698383019 0.0 15901
1620698383154 0.0 16001
1620698383290 0.0 16101
1620698383422 0.0 16201
1620698383560 0.0 16301
1620698383690 0.0 16401
1620698383837 0.0 16501
1620698383988 0.0 16601
1620698384129 0.0 16701
1620698384273 0.0 16801
1620698384408 0.0 16901
1620698384547 0.0 17001
1620698384687 0.0 17101
1620698384828 0.0 17201
1620698384986 0.0 17301
1620698385134 0.0 17401
1620698385269 0.0 17501
1620698385404 0.0 17601
1620698385537 0.0 17701
1620698385672 0.0 17801
1620698385818 0.0 17901
1620698385966 0.0 18001
1620698386107 0.0 18101
1620698386250 0.0 18201
1620698386407 0.0 18301
1620698386545 0.0 18401
1620698386682 0.0 18501
1620698386834 0.0 18601
1620698386989 0.0 18701
1620698387135 0.0 18801
1620698387276 0.0 18901
1620698387425 0.0 19001
1620698387575 0.0 19101
1620698387717 0.0 19201
1620698387866 0.0 19301
1620698388012 0.0 19401
1620698388138 0.0 19501
1620698388277 0.0 19601
1620698388473 0.0 19701
1620698388658 0.0 19801
1620698388819 0.0 19901
