1620698209133 540.9869384765625 101
1620698209274 708.6553344726562 201
1620698209402 780.82373046875 301
1620698209552 667.3854370117188 401
1620698209700 676.286865234375 501
1620698209833 750.9030151367188 601
1620698209956 813.78955078125 701
1620698210075 838.0930786132812 801
1620698210206 764.714111328125 901
1620698210333 789.9353637695312 1001
1620698210467 745.7229614257812 1101
1620698210607 711.5610961914062 1201
1620698210734 787.4527587890625 1301
1620698210857 814.5023193359375 1401
1620698210978 828.6305541992188 1501
1620698211100 819.6498413085938 1601
1620698211230 771.2073974609375 1701
1620698211358 780.6638793945312 1801
1620698211490 757.4049072265625 1901
1620698211620 769.3980102539062 2001
1620698211744 803.3679809570312 2101
1620698211864 837.9524536132812 2201
1620698211990 790.0172119140625 2301
1620698212112 822.5560913085938 2401
1620698212238 791.7216796875 2501
1620698212364 794.81982421875 2601
1620698212492 779.8858032226562 2701
1620698212625 749.3909912109375 2801
1620698212756 767.6195678710938 2901
1620698212886 764.6207275390625 3001
1620698213020 748.7542114257812 3101
1620698213162 704.2421264648438 3201
1620698213294 758.7297973632812 3301
1620698213440 683.6669921875 3401
1620698213589 672.2750854492188 3501
1620698213724 741.5068969726562 3601
1620698213848 805.5249633789062 3701
1620698213984 732.9252319335938 3801
1620698214118 744.87939453125 3901
1620698214256 729.2577514648438 4001
1620698214403 680.736572265625 4101
1620698214549 681.1577758789062 4201
1620698214684 743.4982299804688 4301
1620698214827 696.1893310546875 4401
1620698215001 575.5966796875 4501
1620698215170 593.5416870117188 4601
1620698215313 696.1384887695312 4701
1620698215445 762.0285034179688 4801
1620698215611 599.1708984375 4901
1620698215776 606.363037109375 5001
1620698215909 755.7359008789062 5101
1620698216040 762.1697387695312 5201
1620698216176 736.9288330078125 5301
1620698216313 729.2032470703125 5401
1620698216444 760.6492919921875 5501
1620698216581 731.5637817382812 5601
1620698216724 699.8099365234375 5701
1620698216861 728.219482421875 5801
1620698216993 757.5773315429688 5901
1620698217135 704.8989868164062 6001
1620698217274 721.156494140625 6101
1620698217410 731.8088989257812 6201
1620698217558 679.230712890625 6301
1620698217694 733.1968383789062 6401
1620698217831 728.5711669921875 6501
1620698217962 763.3502197265625 6601
1620698218096 748.0584716796875 6701
1620698218230 746.1422119140625 6801
1620698218363 753.20751953125 6901
1620698218501 720.0509643554688 7001
1620698218639 726.7684326171875 7101
1620698218781 703.8308715820312 7201
1620698218911 767.7952270507812 7301
1620698219047 736.4267578125 7401
1620698219186 722.7944946289062 7501
1620698219319 747.081787109375 7601
1620698219459 717.3392333984375 7701
1620698219604 689.52490234375 7801
1620698219743 716.262451171875 7901
1620698219877 750.717529296875 8001
1620698220012 738.27392578125 8101
1620698220209 506.7953186035156 8201
1620698220377 595.2415161132812 8301
1620698220557 556.3903198242188 8401
1620698220737 555.3934936523438 8501
1620698220874 730.9442138671875 8601
1620698221004 767.094482421875 8701
1620698221138 750.2757568359375 8801
1620698221278 710.9724731445312 8901
1620698221409 763.0807495117188 9001
1620698221556 681.5828247070312 9101
1620698221705 669.5866088867188 9201
1620698221845 717.2423095703125 9301
1620698221975 770.0704345703125 9401
1620698222105 766.6864624023438 9501
1620698222242 729.1246337890625 9601
1620698222373 764.6430053710938 9701
1620698222516 700.14404296875 9801
1620698222655 717.5392456054688 9901
1620698222795 716.79736328125 10001
1620698222926 764.2793579101562 10101
1620698223058 756.2100830078125 10201
1620698223187 771.1846923828125 10301
1620698223332 690.705810546875 10401
1620698223473 713.0320434570312 10501
1620698223624 660.78564453125 10601
1620698223761 727.6358642578125 10701
1620698223891 768.146728515625 10801
1620698224033 709.4080200195312 10901
1620698224176 698.6256713867188 11001
1620698224313 725.6267700195312 11101
1620698224446 753.9522094726562 11201
1620698224587 709.9544067382812 11301
1620698224725 726.5430297851562 11401
1620698224872 678.0765991210938 11501
1620698225015 700.8483276367188 11601
1620698225158 698.30810546875 11701
1620698225296 721.8179931640625 11801
1620698225434 725.2214965820312 11901
1620698225586 659.6829833984375 12001
1620698225734 674.2365112304688 12101
1620698225872 727.2472534179688 12201
1620698226002 765.5864868164062 12301
1620698226145 703.065185546875 12401
1620698226288 696.2644653320312 12501
1620698226422 748.6646728515625 12601
1620698226562 710.6099243164062 12701
1620698226705 699.58349609375 12801
1620698226841 738.3414916992188 12901
1620698226974 753.9359741210938 13001
1620698227106 752.6493530273438 13101
1620698227245 723.7410888671875 13201
1620698227388 696.9227294921875 13301
1620698227528 712.4942626953125 13401
1620698227671 698.814208984375 13501
1620698227812 710.0228881835938 13601
1620698227947 742.137939453125 13701
1620698228089 705.4336547851562 13801
1620698228221 755.337158203125 13901
1620698228355 749.5610961914062 14001
1620698228483 778.1726684570312 14101
1620698228628 688.4869995117188 14201
1620698228773 691.69677734375 14301
1620698228905 759.6271362304688 14401
1620698229035 767.521240234375 14501
1620698229171 733.2955932617188 14601
1620698229309 724.2047119140625 14701
1620698229439 769.4149169921875 14801
1620698229588 672.082275390625 14901
1620698229731 703.93359375 15001
1620698229873 698.3220825195312 15101
1620698230012 723.3042602539062 15201
1620698230143 761.0371704101562 15301
1620698230283 712.4035034179688 15401
1620698230419 736.1372680664062 15501
1620698230560 710.2344970703125 15601
1620698230699 721.6217651367188 15701
1620698230839 710.2886352539062 15801
1620698230979 715.9115600585938 15901
1620698231116 731.2742919921875 16001
1620698231257 707.699951171875 16101
1620698231391 744.510498046875 16201
1620698231538 680.0787353515625 16301
1620698231675 735.2262573242188 16401
1620698231803 778.3849487304688 16501
1620698231934 763.921630859375 16601
1620698232063 772.9768676757812 16701
1620698232200 733.9384155273438 16801
1620698232336 734.62744140625 16901
1620698232478 700.1405639648438 17001
1620698232625 680.3865356445312 17101
1620698232772 684.3407592773438 17201
1620698232908 735.8453979492188 17301
1620698233035 785.7135620117188 17401
1620698233159 806.8948364257812 17501
1620698233325 601.5374145507812 17601
1620698233508 545.0552978515625 17701
1620698233716 480.8454284667969 17801
1620698233897 554.1365356445312 17901
1620698234063 600.6329345703125 18001
1620698234283 455.05877685546875 18101
1620698234451 595.6058349609375 18201
1620698234627 567.3460083007812 18301
1620698234821 516.7645263671875 18401
1620698234994 576.9736328125 18501
1620698235174 556.720458984375 18601
1620698235339 603.821044921875 18701
1620698235483 695.9906005859375 18801
1620698235631 675.650634765625 18901
1620698235784 652.6718139648438 19001
1620698235929 689.776611328125 19101
1620698236068 720.1004028320312 19201
1620698236203 739.4440307617188 19301
1620698236350 684.6669311523438 19401
1620698236498 673.4267578125 19501
1620698236643 688.6045532226562 19601
1620698236806 615.0050659179688 19701
1620698236962 639.0083618164062 19801
1620698237107 687.8772583007812 19901
